date,close,return,naive_pred,lstm_pred,direction_true,direction_lstm,signal,strategy_return,bh_return,cum_strategy,cum_bh
,MSFT,,,,,,,,,,
2015-01-06,38.91228103637695,-0.014677608617452709,-0.009195918671653258,-0.009195918671653258,-1.0,-1.0,0.0,0.0,-0.014677608617452709,1.0,0.9762614468060344
2015-01-07,39.40668869018555,0.012705697035503949,-0.014677608617452709,-0.011936763644552983,1.0,-1.0,0.0,0.0,0.012705697035503949,1.0,0.9886655289765947
2015-01-08,40.56596374511719,0.02941823059648163,0.012705697035503949,-0.003722610084534006,1.0,-1.0,0.0,-0.0,0.02941823059648163,1.0,1.0177503194908206
2015-01-09,40.2249870300293,-0.008405487842722215,0.02941823059648163,0.004562600085719903,-1.0,1.0,1.0,-0.012502632829508586,-0.008405487842722215,0.9874973671704914,1.0091956315534139
2015-01-12,39.722068786621094,-0.012502632829508586,-0.008405487842722215,0.00196898250003148,-1.0,1.0,1.0,-0.0051500532704523705,-0.012502632829508586,0.9824117031251319,0.9965780291189575
2015-01-13,39.51749801635742,-0.0051500532704523705,-0.012502632829508586,0.0013076396684604142,-1.0,1.0,1.0,-0.008628403049441236,-0.0051500532704523705,0.9739350589900803,0.9914455991808325
2015-01-14,39.1765251159668,-0.008628403049441236,-0.0051500532704523705,0.0032131507378604816,-1.0,1.0,1.0,-0.01044353830045519,-0.008628403049441236,0.9637637308993613,0.9828910069495055
2015-01-15,38.76738357543945,-0.01044353830045519,-0.008628403049441236,-0.001053669279128555,-1.0,-1.0,0.0,0.0,-0.01044353830045519,0.9637637308993613,0.9726261470732553
2015-01-16,39.41520690917969,0.016710525034004498,-0.01044353830045519,-0.009026023058515919,1.0,-1.0,0.0,0.0,0.016710525034004498,0.9637637308993613,0.9888792406526503
2015-01-20,39.54307174682617,0.003244048367958774,0.016710525034004498,-0.004002820483170577,1.0,-1.0,0.0,-0.0,0.003244048367958774,0.9637637308993613,0.9920872127393978
2015-01-21,39.14242935180664,-0.010131797488688754,0.003244048367958774,-0.000853484243677105,-1.0,-1.0,0.0,0.0,-0.010131797488688754,0.9637637308993613,0.9820355860088046
2015-01-22,40.17384719848633,0.026350378956028653,-0.010131797488688754,-0.0018498330873243818,1.0,-1.0,0.0,0.0,0.026350378956028653,0.9637637308993613,1.0079125958484423
2015-01-23,40.216468811035156,0.0010609293239516315,0.026350378956028653,0.0051459233137695955,1.0,1.0,1.0,-0.003603222990814503,0.0010609293239516315,0.9602910752664715,1.0089819198773582
2015-01-26,40.07155990600586,-0.003603222990814503,0.0010609293239516315,0.0074468168386509605,-1.0,1.0,1.0,-0.09253331827949474,-0.003603222990814503,0.8714321555578809,1.00534633302634
2015-01-27,36.36360549926758,-0.09253331827949474,-0.003603222990814503,0.00338406723368716,-1.0,1.0,1.0,-0.034458637874782316,-0.09253331827949474,0.8414037904770709,0.9123183008112907
2015-01-28,35.110565185546875,-0.034458637874782316,-0.09253331827949474,-0.01577140609580354,-1.0,-1.0,0.0,0.0,-0.034458637874782316,0.8414037904770709,0.8808810548570978
2015-01-29,35.80952835083008,0.019907488289904407,-0.034458637874782316,-0.020636774173022253,1.0,-1.0,0.0,-0.0,0.019907488289904407,0.8414037904770709,0.8984171841414641
2015-01-30,34.437164306640625,-0.0383239910546781,0.019907488289904407,-0.021925352306247103,-1.0,-1.0,0.0,0.0,-0.0383239910546781,0.8414037904770709,0.8639862520130576
2015-02-02,35.187278747558594,0.02178211987022749,-0.0383239910546781,-0.02980233638197305,1.0,-1.0,0.0,0.0,0.02178211987022749,0.8414037904770709,0.8828057041206345
2015-02-03,35.46004104614258,0.007751730406345025,0.02178211987022749,-0.02472526780976465,1.0,-1.0,0.0,0.0,0.007751730406345025,0.8414037904770709,0.8896489759401612
2015-02-04,35.66463088989258,0.0057695884639212824,0.007751730406345025,-0.004668258072596698,1.0,-1.0,0.0,0.0,0.0057695884639212824,0.8414037904770709,0.894781884408685
2015-02-05,36.18458938598633,0.014579107735588792,0.0057695884639212824,0.0033773871951440215,1.0,1.0,1.0,-0.0009420622243906385,0.014579107735588792,0.8406111357506034,0.9078270059013324
2015-02-06,36.1505012512207,-0.0009420622243906385,0.014579107735588792,0.0023117110842808984,-1.0,1.0,1.0,-0.0011793213140905978,-0.0009420622243906385,0.8396197851213508,0.906971776372791
2015-02-09,36.10786819458008,-0.0011793213140905978,-0.0009420622243906385,0.00978809685033839,-1.0,1.0,1.0,0.005666073739039268,-0.0011793213140905978,0.8443771327366048,0.9059021652256359
2015-02-10,36.31245803833008,0.005666073739039268,-0.0011793213140905978,0.005195808613474772,1.0,1.0,1.0,-0.005164357570621503,0.005666073739039268,0.8400164672986968,0.9110350736941597
2015-02-11,36.12492752075195,-0.005164357570621503,0.005666073739039268,0.004778677280013621,-1.0,1.0,1.0,0.016753233629002384,-0.005164357570621503,0.8540894594275611,0.9063301628142255
2015-02-12,36.73013687133789,0.016753233629002384,-0.005164357570621503,0.002591888073105064,1.0,1.0,1.0,0.01810162137011817,0.016753233629002384,0.8695498634383277,0.921514123776864
2015-02-13,37.39501190185547,0.01810162137011817,0.016753233629002384,0.003026713251787783,1.0,1.0,1.0,0.00045904886299719116,0.01810162137011817,0.8699490293144585,0.938195023532689
2015-02-17,37.41217803955078,0.00045904886299719116,0.01810162137011817,0.006835449970689545,1.0,1.0,1.0,-0.0011475034407769646,0.00045904886299719116,0.8689507598100196,0.9386257008915113
2015-02-18,37.36924743652344,-0.0011475034407769646,0.00045904886299719116,0.0071631240061071026,-1.0,1.0,1.0,-0.0006891501169238312,-0.0011475034407769646,0.8683519222922954,0.9375486246701367
2015-02-19,37.3434944152832,-0.0006891501169238312,-0.0011475034407769646,0.005800408570143856,-1.0,1.0,1.0,0.00827621952907509,-0.0006891501169238312,0.8755385934296808,0.9369025129258235
2015-02-20,37.652557373046875,0.00827621952907509,-0.0006891501169238312,0.00669545006088339,1.0,1.0,1.0,0.006611794141509364,0.00827621952907509,0.8813274743723845,0.9446565238001398
2015-02-23,37.90150833129883,0.006611794141509364,0.00827621952907509,0.0050000472408979315,1.0,1.0,1.0,-0.0013592463424396684,0.006611794141509364,0.8801295332263522,0.9509023982699402
2015-02-24,37.84999084472656,-0.0013592463424396684,0.006611794141509364,0.00270208179517617,-1.0,1.0,1.0,-0.0022676541410187045,-0.0013592463424396684,0.8781337038456987,0.9496098876630746
2015-02-25,37.76416015625,-0.0022676541410187045,-0.0013592463424396684,0.002338422754088798,-1.0,1.0,1.0,0.0015909656585768595,-0.0022676541410187045,0.879530784412156,0.9474565008689632
2015-02-26,37.824241638183594,0.0015909656585768595,-0.0022676541410187045,0.00211439261404045,1.0,1.0,1.0,-0.004766223201529529,0.0015909656585768595,0.8753387443810313,0.9489638716248411
2015-02-27,37.64396286010742,-0.004766223201529529,0.0015909656585768595,0.0025704157691405884,-1.0,1.0,1.0,0.000684323558879818,-0.004766223201529529,0.8759377593058115,0.9444408980024894
2015-03-02,37.66972351074219,0.000684323558879818,-0.004766223201529529,-3.807277698033573e-05,1.0,-1.0,0.0,-0.0,0.000684323558879818,0.8759377593058115,0.9450872011589622
2015-03-03,37.15461730957031,-0.013674276133855412,0.000684323558879818,-0.0012235668935062448,-1.0,-1.0,0.0,-0.0,-0.013674276133855412,0.8759377593058115,0.932163817799742
2015-03-04,36.96577072143555,-0.005082721928241218,-0.013674276133855412,-0.0036865728517893937,-1.0,-1.0,0.0,0.0,-0.005082721928241218,0.8759377593058115,0.9274258883222982
2015-03-05,37.00869369506836,0.0011611545707046478,-0.005082721928241218,-0.004249586409233896,1.0,-1.0,0.0,-0.0,0.0011611545707046478,0.8759377593058115,0.9285027731315135
2015-03-06,36.36483383178711,-0.017397530120525362,0.0011611545707046478,-0.004335548626808339,-1.0,-1.0,0.0,0.0,-0.017397530120525362,0.8759377593058115,0.9123491181689667
2015-03-09,36.78548812866211,0.011567612238263525,-0.017397530120525362,-0.006861810010607506,1.0,-1.0,0.0,-0.0,0.011567612238263525,0.8759377593058115,0.922902818993867
2015-03-10,36.081546783447266,-0.019136387228374296,0.011567612238263525,-0.004685152274730764,-1.0,-1.0,0.0,-0.0,-0.019136387228374296,0.8759377593058115,0.9052417932754421
2015-03-11,36.03862762451172,-0.0011895044077000483,-0.019136387228374296,-0.005777574493634541,-1.0,-1.0,0.0,-0.0,-0.0011895044077000483,0.8759377593058115,0.9041650041723066
2015-03-12,35.2144889831543,-0.02286820269473533,-0.0011895044077000483,-0.004998930989526307,-1.0,-1.0,0.0,0.0,-0.02286820269473533,0.8759377593058115,0.8834883755874081
2015-03-13,35.523536682128906,0.008776151746017202,-0.02286820269473533,-0.009804802442614302,1.0,-1.0,0.0,0.0,0.008776151746017202,0.8759377593058115,0.8912420036374055
2015-03-16,35.67806625366211,0.004350061563857199,0.008776151746017202,-0.00457006606930579,1.0,-1.0,0.0,0.0,0.004350061563857199,0.8759377593058115,0.8951189612215236
2015-03-17,35.79824447631836,0.003368406286422987,0.004350061563857199,-0.006013576204187054,1.0,-1.0,0.0,0.0,0.003368406286422987,0.8759377593058115,0.8981340855575985
2015-03-18,36.485015869140625,0.01918449920851817,0.003368406286422987,-0.0015126175012275978,1.0,-1.0,0.0,-0.0,0.01918449920851817,0.8759377593058115,0.9153643382111215
2015-03-19,36.30475616455078,-0.00494065029973878,0.01918449920851817,0.0025621832220160457,-1.0,1.0,1.0,0.013951346811005072,-0.00494065029973878,0.8881582707707416,0.9108418431191685
2015-03-20,36.811256408691406,0.013951346811005072,-0.00494065029973878,0.006147693701015355,1.0,1.0,1.0,-0.00046663937781421527,0.013951346811005072,0.8877438211478687,0.9235493135624991
2015-03-23,36.7940788269043,-0.00046663937781421527,0.013951346811005072,0.007182732714012929,-1.0,1.0,1.0,0.0009329887250297819,-0.00046663937781421527,0.8885720761237145,0.9231183490854376
2015-03-24,36.828407287597656,0.0009329887250297819,-0.00046663937781421527,0.006219392525678646,1.0,1.0,1.0,-0.03356664449357838,0.0009329887250297819,0.8587456931375489,0.9239796080970024
2015-03-25,35.592201232910156,-0.03356664449357838,0.0009329887250297819,0.005732309013400006,-1.0,1.0,1.0,-0.006029506932373585,-0.03356664449357838,0.8535678800276301,0.8929647130726944
2015-03-26,35.37759780883789,-0.006029506932373585,-0.03356664449357838,-0.0048179197270193045,-1.0,-1.0,0.0,-0.0,-0.006029506932373585,0.8535678800276301,0.8875805761448576
2015-03-27,35.171566009521484,-0.005823792797625571,-0.006029506932373585,-0.005035691053546265,-1.0,-1.0,0.0,-0.0,-0.005823792797625571,0.8535678800276301,0.8824114907781928
2015-03-30,35.1629753112793,-0.0002442512295262045,-0.005823792797625571,-0.008990718975272394,-1.0,-1.0,0.0,-0.0,-0.0002442512295262045,0.8535678800276301,0.8821959606866222
2015-03-31,34.90543746948242,-0.007324119745756086,-0.0002442512295262045,-0.008946241345614791,-1.0,-1.0,0.0,0.0,-0.007324119745756086,0.8535678800276301,0.875734651831331
2015-04-01,34.956939697265625,0.0014754786508042184,-0.007324119745756086,-0.010597663039771965,1.0,-1.0,0.0,-0.0,0.0014754786508042184,0.8535678800276301,0.8770267796138776
2015-04-02,34.587799072265625,-0.010559866744538682,0.0014754786508042184,-0.0035892384108954455,-1.0,-1.0,0.0,0.0,-0.010559866744538682,0.8535678800276301,0.8677654936897632
2015-04-06,35.66948318481445,0.031273574542538096,-0.010559866744538682,-0.004495310373328465,1.0,-1.0,0.0,-0.0,0.031273574542538096,0.8535678800276301,0.8949036225421124
2015-04-07,35.65230178833008,-0.0004816833592836689,0.031273574542538096,0.0029241630947042683,-1.0,1.0,1.0,-0.002648609244752631,-0.0004816833592836689,0.851307112249565,0.8944725623589712
2015-04-08,35.5578727722168,-0.002648609244752631,-0.0004816833592836689,0.0028766766687527757,-1.0,1.0,1.0,0.0014487276054164777,-0.002648609244752631,0.8525404243637683,0.8921034540611297
2015-04-09,35.6093864440918,0.0014487276054164777,-0.002648609244752631,0.0038117787689534665,1.0,1.0,1.0,0.005785991688937342,0.0014487276054164777,0.8574732161736202,0.8933958689619155
2015-04-10,35.81542205810547,0.005785991688937342,0.0014487276054164777,0.0038064285598759184,1.0,1.0,1.0,0.0009586956711604699,0.005785991688937342,0.8582952720341018,0.89856505003466
2015-04-13,35.84975814819336,0.0009586956711604699,0.005785991688937342,0.007075600246571123,1.0,1.0,1.0,-0.0026341274164302098,0.0009586956711604699,0.8560344129266444,0.8994265004583843
2015-04-14,35.75532531738281,-0.0026341274164302098,0.0009586956711604699,0.001012624472295598,-1.0,1.0,1.0,0.014645829039104052,-0.0026341274164302098,0.8685717465899578,0.8970572964544631
2015-04-15,36.27899169921875,0.014645829039104052,-0.0026341274164302098,0.0005821356608662898,1.0,1.0,1.0,-0.0023661664381430247,0.014645829039104052,0.8665165612740574,0.910195444256616
2015-04-16,36.19314956665039,-0.0023661664381430247,0.014645829039104052,0.004041023317637627,-1.0,1.0,1.0,-0.012808425794890388,-0.0023661664381430247,0.8554178481989351,0.9080417703442654
2015-04-17,35.72957229614258,-0.012808425794890388,-0.0023661664381430247,0.003278044508925726,-1.0,1.0,1.0,0.030994652847182946,-0.012808425794890388,0.8819312274431453,0.8964111847101499
2015-04-20,36.836997985839844,0.030994652847182946,-0.012808425794890388,-0.00044083898783982,1.0,-1.0,0.0,-0.0,0.030994652847182946,0.8819312274431453,0.924195138188573
2015-04-21,36.605201721191406,-0.006292485200274478,0.030994652847182946,0.005566352447364675,-1.0,1.0,1.0,0.008208666385850272,-0.006292485200274478,0.8891707066644896,0.9183796539593558
2015-04-22,36.90568161010742,0.008208666385850272,-0.006292485200274478,0.004834680890595822,1.0,1.0,1.0,0.008141212616166182,0.008208666385850272,0.8964096344395119,0.9259183261542608
2015-04-23,37.206138610839844,0.008141212616166182,0.008208666385850272,0.0035472483599450653,1.0,1.0,1.0,0.10452258225519273,0.008141212616166182,0.9901046841895631,0.9334564241126874
2015-04-24,41.09502029418945,0.10452258225519273,0.008141212616166182,0.005648724170806907,1.0,1.0,1.0,0.0033422096902637755,0.10452258225519273,0.993413821659437,1.0310236999836437
2015-04-27,41.23236846923828,0.0033422096902637755,0.10452258225519273,0.02911492578082353,1.0,1.0,1.0,0.023526624280286734,0.0033422096902637755,1.0167854953964623,1.0344695973846207
2015-04-28,42.20242691040039,0.023526624280286734,0.0033422096902637755,0.023584437149439696,1.0,1.0,1.0,-0.0020338759985548682,0.023526624280286734,1.0147174797816967,1.058807174931668
2015-04-29,42.11659240722656,-0.0020338759985548682,0.023526624280286734,0.029548259045551938,-1.0,1.0,1.0,-0.008560938469715285,-0.0020338759985548682,1.0060305458731411,1.0566536924314769
2015-04-30,41.75603485107422,-0.008560938469715285,-0.0020338759985548682,0.027499750568670912,-1.0,1.0,1.0,0.0004110141937387901,-0.008560938469715285,1.0064440387068299,1.0476077451867736
2015-05-01,41.773197174072266,0.0004110141937387901,-0.008560938469715285,0.024159320351494616,1.0,1.0,1.0,-0.008630948113951487,0.0004110141937387901,0.9977574724291555,1.048038326839516
2015-05-04,41.412654876708984,-0.008630948113951487,0.0004110141937387901,0.0033370067392038292,-1.0,1.0,1.0,-0.013267036837149027,-0.008630948113951487,0.9845201872878971,1.0389927624191315
2015-05-05,40.86323165893555,-0.013267036837149027,-0.008630948113951487,0.000942375178360777,-1.0,1.0,1.0,-0.027731103968791748,-0.013267036837149027,0.9572183556148421,1.0252084071665857
2015-05-06,39.73004913330078,-0.027731103968791748,-0.013267036837149027,-0.006416357045126375,-1.0,-1.0,0.0,0.0,-0.027731103968791748,0.9572183556148421,0.9967782462377697
2015-05-07,40.09059524536133,0.009074897210694433,-0.027731103968791748,-0.01155580263917375,1.0,-1.0,0.0,0.0,0.009074897210694433,0.9572183556148421,1.0058239063642338
2015-05-08,40.99198913574219,0.02248392384458686,0.009074897210694433,-0.008028635503091807,1.0,-1.0,0.0,-0.0,0.02248392384458686,0.9572183556148421,1.0284387744759922
2015-05-11,40.66578674316406,-0.007957710749237568,0.02248392384458686,-0.0036140535729221935,-1.0,-1.0,0.0,-0.0,-0.007957710749237568,0.9572183556148421,1.0202547561854118
2015-05-12,40.64860916137695,-0.0004224086919945025,-0.007957710749237568,-0.0034794060999794097,-1.0,-1.0,0.0,0.0,-0.0004224086919945025,0.9572183556148421,1.0198237917083504
2015-05-13,40.88898468017578,0.005913499225632224,-0.0004224086919945025,-0.0009104804709485048,1.0,-1.0,0.0,0.0,0.005913499225632224,0.9572183556148421,1.025854518910899
2015-05-14,41.82472229003906,0.022884833584947195,0.005913499225632224,0.005818440167936289,1.0,1.0,1.0,-0.00862068021999074,0.022884833584947195,0.9489664822703812,1.049331028858541
2015-05-15,41.46416473388672,-0.00862068021999074,0.022884833584947195,0.008580427442786842,-1.0,1.0,1.0,-0.006004554728967548,-0.00862068021999074,0.9432683610916328,1.0402850816138376
2015-05-18,41.21519088745117,-0.006004554728967548,-0.00862068021999074,0.0023595066298713217,-1.0,1.0,1.0,-0.0025152913442453295,-0.006004554728967548,0.9408957663476786,1.0340386329075588
2015-05-19,41.11152267456055,-0.0025152913442453295,-0.006004554728967548,0.0027501378339253256,-1.0,1.0,1.0,0.0,-0.0025152913442453295,0.9408957663476786,1.0314377244845911
2015-05-20,41.11152267456055,0.0,-0.0025152913442453295,0.00233156130347516,0.0,1.0,1.0,-0.0033630446818956328,0.0,0.9377314918444449,1.0314377244845911
2015-05-21,40.973262786865234,-0.0033630446818956328,0.0,0.0011488614583487155,-1.0,1.0,1.0,-0.010965659751817736,-0.0033630446818956328,0.9274486473663143,1.0279689533305567
2015-05-22,40.523963928222656,-0.010965659751817736,-0.0033630446818956328,-0.00410071419501985,-1.0,-1.0,0.0,-0.0,-0.010965659751817736,0.9274486473663143,1.0166965955529017
2015-05-26,40.256103515625,-0.006609926241966324,-0.010965659751817736,-0.004569710101385249,-1.0,-1.0,0.0,0.0,-0.006609926241966324,0.9274486473663143,1.0099763060458387
2015-05-27,41.137451171875,0.02189351624426128,-0.006609926241966324,-0.004690784403985004,1.0,-1.0,0.0,-0.0,0.02189351624426128,0.9274486473663143,1.0320882387085721
2015-05-28,40.99917984008789,-0.003361203182214778,0.02189351624426128,0.00019097711371631742,-1.0,1.0,1.0,-0.012434207949262421,-0.003361203182214778,0.9159165580226993,1.0286191804362985
2015-05-29,40.48938751220703,-0.012434207949262421,-0.003361203182214778,-0.0004812635227266382,-1.0,-1.0,0.0,0.0,-0.012434207949262421,0.9159165580226993,1.0158291156461536
2015-06-01,40.80910873413086,0.0078964203108145,-0.012434207949262421,-0.0022954961761999957,1.0,-1.0,0.0,-0.0,0.0078964203108145,0.9159165580226993,1.0238505293072586
2015-06-02,40.541229248046875,-0.006564208197468946,0.0078964203108145,0.0014769198363264514,-1.0,1.0,1.0,-0.0014915823268383255,-0.006564208197468946,0.9145503930718941,1.017129761269797
2015-06-03,40.48075866699219,-0.0014915823268383255,-0.006564208197468946,0.001486063445225927,-1.0,1.0,1.0,-0.010458746443106515,-0.0014915823268383255,0.9049853424013118,1.0156126284937856
2015-06-04,40.05738067626953,-0.010458746443106515,-0.0014915823268383255,-0.003190956268993994,-1.0,-1.0,0.0,-0.0,-0.010458746443106515,0.9049853424013118,1.0049905935279522
2015-06-05,39.867271423339844,-0.004745923216150527,-0.010458746443106515,-0.004610464921172341,-1.0,-1.0,0.0,-0.0,-0.004745923216150527,0.9049853424013118,1.000220985338115
2015-06-08,39.51301193237305,-0.008885972837343492,-0.004745923216150527,-0.0030728079745499627,-1.0,-1.0,0.0,-0.0,-0.008885972837343492,0.9049853424013118,0.9913330488310595
2015-06-09,39.44389343261719,-0.0017492592028710563,-0.008885972837343492,-0.006429286604181561,-1.0,-1.0,0.0,0.0,-0.0017492592028710563,0.9049853424013118,0.9895989503722816
2015-06-10,40.27339172363281,0.02102982791069219,-0.0017492592028710563,-0.005466296805261983,1.0,-1.0,0.0,-0.0,0.02102982791069219,0.9049853424013118,1.0104100459992122
2015-06-11,40.126502990722656,-0.003647289851278157,0.02102982791069219,-0.0009620147577558801,-1.0,-1.0,0.0,-0.0,-0.003647289851278157,0.9049853424013118,1.0067247876928098
2015-06-12,39.720394134521484,-0.010120713890643951,-0.003647289851278157,0.0004002765606097913,-1.0,1.0,1.0,-0.010659341598620808,-0.010120713890643951,0.8953387944949114,0.9965360141499516
2015-06-15,39.297000885009766,-0.010659341598620808,-0.010120713890643951,-0.0006746815742888935,-1.0,-1.0,0.0,0.0,-0.010659341598620808,0.8953387944949114,0.9859135963597992
2015-06-16,39.59943389892578,0.0076960838513093766,-0.010659341598620808,-0.0010293553265443567,1.0,-1.0,0.0,0.0,0.0076960838513093766,0.8953387944949114,0.9935012700675303
2015-06-17,39.720394134521484,0.0030545950708398273,0.0076960838513093766,0.0008597132842917299,1.0,1.0,1.0,0.01631487189918457,0.0030545950708398273,0.9099461322334662,0.9965360141499517
2015-06-18,40.36842727661133,0.01631487189918457,0.0030545950708398273,-0.0027353332836787423,1.0,-1.0,0.0,-0.0,0.01631487189918457,0.9099461322334662,1.0127943715637322
2015-06-19,39.832733154296875,-0.013270126146946115,0.01631487189918457,0.0012570990664138026,-1.0,1.0,1.0,0.00281950278837817,-0.013270126146946115,0.9125117278905724,0.9993544624921644
2015-06-22,39.94504165649414,0.00281950278837817,-0.013270126146946115,0.0006272166151533698,1.0,1.0,1.0,-0.006921837130311581,0.00281950278837817,0.9061954703306146,1.0021721451857393
2015-06-23,39.668548583984375,-0.006921837130311581,0.00281950278837817,0.0033229854925531654,-1.0,1.0,1.0,-0.00588092631585424,-0.006921837130311581,0.9008662015418394,0.9952352728202286
2015-06-24,39.43526077270508,-0.00588092631585424,-0.006921837130311581,0.00039940129622897393,-1.0,1.0,1.0,0.00021890713394445704,-0.00588092631585424,0.9010634075800863,0.9893823675138338
2015-06-25,39.44389343261719,0.00021890713394445704,-0.00588092631585424,-0.0013877029811098396,1.0,-1.0,0.0,-0.0,0.00021890713394445704,0.9010634075800863,0.9895989503722814
2015-06-26,39.1069221496582,-0.008543053274764567,0.00021890713394445704,-0.004606895934157862,-1.0,-1.0,0.0,-0.0,-0.008543053274764567,0.9010634075800863,0.9811447538185999
2015-06-29,38.33790588378906,-0.019664453851064856,-0.008543053274764567,-0.0036614813597215523,-1.0,-1.0,0.0,-0.0,-0.019664453851064856,0.9010634075800863,0.9618510780859196
2015-06-30,38.147830963134766,-0.0049578847950239036,-0.019664453851064856,-0.008158272687610157,-1.0,-1.0,0.0,0.0,-0.0049578847950239036,0.9010634075800863,0.9570823312508001
2015-07-01,38.40703582763672,0.006794747118189948,-0.0049578847950239036,-0.007765482220552622,1.0,-1.0,0.0,-0.0,0.006794747118189948,0.9010634075800863,0.963585463662937
2015-07-02,38.36384201049805,-0.001124632927480218,0.006794747118189948,-0.005230347533743784,-1.0,-1.0,0.0,-0.0,-0.001124632927480218,0.9010634075800863,0.9625017837220603
2015-07-06,38.35519027709961,-0.00022551790814040462,-0.001124632927480218,-0.00549905554602872,-1.0,-1.0,0.0,-0.0,-0.00022551790814040462,0.9010634075800863,0.9622847223332139
2015-07-07,38.277427673339844,-0.002027433658859823,-0.00022551790814040462,-0.0038355484727038867,-1.0,-1.0,0.0,-0.0,-0.002027433658859823,0.9010634075800863,0.960333753897749
2015-07-08,38.225582122802734,-0.0013544679903665369,-0.002027433658859823,-0.0003081444342628803,-1.0,-1.0,0.0,0.0,-0.0013544679903665369,0.9010634075800863,0.959033012568026
2015-07-09,38.46752166748047,0.00632925729948286,-0.0013544679903665369,0.00041253892666859304,1.0,1.0,1.0,0.0020218107244822647,0.00632925729948286,0.9028851872409702,0.9651029792632672
2015-07-10,38.54529571533203,0.0020218107244822647,0.00632925729948286,0.0003194409629271755,1.0,1.0,1.0,0.02084711855744681,0.0020218107244822647,0.9217077417831453,0.9670542348169714
2015-07-13,39.348854064941406,0.02084711855744681,0.0020218107244822647,0.000948729693319672,1.0,1.0,1.0,0.0017567507566116358,0.02084711855744681,0.9233269525558976,0.9872145291016818
2015-07-14,39.4179801940918,0.0017567507566116358,0.02084711855744681,0.005163256986437115,1.0,1.0,1.0,0.0030686563593593785,0.0017567507566116358,0.9261603256806261,0.9889488189726192
2015-07-15,39.5389404296875,0.0030686563593593785,0.0017567507566116358,0.0059200938695314065,1.0,1.0,1.0,0.01966821471242941,0.0030686563593593785,0.9443762458242462,0.9919835630550405
2015-07-16,40.31660079956055,0.01966821471242941,0.0030686563593593785,0.00680471873947659,1.0,1.0,1.0,-0.0008573384471491918,0.01966821471242941,0.9435665957601266,1.0114941087644078
2015-07-17,40.28203582763672,-0.0008573384471491918,0.01966821471242941,0.0094725102220659,-1.0,1.0,1.0,0.006434466756328305,-0.0008573384471491918,0.949637943652927,1.0106269159758992
2015-07-20,40.541229248046875,0.006434466756328305,-0.0008573384471491918,0.008896680387739608,1.0,1.0,1.0,0.007672917035202564,0.006434466756328305,0.9569244368080563,1.0171297612697967
2015-07-21,40.852298736572266,0.007672917035202564,0.006434466756328305,0.006014150027515907,1.0,1.0,1.0,-0.03680196018651283,0.007672917035202564,0.921707741783145,1.0249341135420553
2015-07-22,39.348854064941406,-0.03680196018651283,0.007672917035202564,0.007197383283234093,-1.0,1.0,1.0,0.012516255349214411,-0.03680196018651283,0.9332440712366505,0.9872145291016818
2015-07-23,39.84135437011719,0.012516255349214411,-0.03680196018651283,-0.0007767400259403479,1.0,-1.0,0.0,-0.0,0.012516255349214411,0.9332440712366505,0.999570758232373
2015-07-24,39.69447326660156,-0.003686649358130012,0.012516255349214411,-0.0022071318985833477,-1.0,-1.0,0.0,-0.0,-0.003686649358130012,0.9332440712366505,0.9958856913381301
2015-07-27,39.184688568115234,-0.012842712260279665,-0.003686649358130012,-0.0027729940807795115,-1.0,-1.0,0.0,-0.0,-0.012842712260279665,0.9332440712366505,0.9830958179601448
2015-07-28,39.176029205322266,-0.00022098842964934917,-0.012842712260279665,-0.006628429884101106,-1.0,-1.0,0.0,0.0,-0.00022098842964934917,0.9332440712366505,0.982878565159139
2015-07-29,39.99688720703125,0.02095306794384011,-0.00022098842964934917,-0.00820721097707149,1.0,-1.0,0.0,0.0,0.02095306794384011,0.9332440712366505,1.0034728865154625
2015-07-30,40.50667190551758,0.012745609323235207,0.02095306794384011,0.003343794648999099,1.0,1.0,1.0,-0.003839684417343503,0.012745609323235207,0.9296607085187449,1.0162627598934477
2015-07-31,40.351139068603516,-0.003839684417343503,0.012745609323235207,0.003389665443803258,-1.0,1.0,1.0,0.0023558753991492765,-0.003839684417343503,0.9318508733115,1.0123606316103584
2015-08-03,40.44620132446289,0.0023558753991492765,-0.003839684417343503,0.00335905843196056,1.0,1.0,1.0,0.015594287093445569,0.0023558753991492765,0.9463824233581974,1.0147456271174364
2015-08-04,41.07693099975586,0.015594287093445569,0.0023558753991492765,0.006398775963846348,1.0,1.0,1.0,0.0008421192616578921,0.015594287093445569,0.9471793902258019,1.0305698617535242
2015-08-05,41.11152267456055,0.0008421192616578921,0.015594287093445569,0.009561831068465332,1.0,1.0,1.0,-0.02017650510028679,0.0008421192616578921,0.9280686204280245,1.031437724484591
2015-08-06,40.28203582763672,-0.02017650510028679,0.0008421192616578921,0.005539641332028888,-1.0,1.0,1.0,0.002573748822645827,-0.02017650510028679,0.9304572359471857,1.0106269159758994
2015-08-07,40.385711669921875,0.002573748822645827,-0.02017650510028679,-0.001044781552675511,1.0,-1.0,0.0,0.0,0.002573748822645827,0.9304572359471857,1.0132280158110265
2015-08-10,40.8954963684082,0.012622897490401241,0.002573748822645827,0.00023790509532235494,1.0,1.0,1.0,-0.019437883033352255,0.012622897490401241,0.912371117027308,1.0260178891890117
2015-08-11,40.1005744934082,-0.019437883033352255,0.012622897490401241,0.0022913095135727478,-1.0,1.0,1.0,0.007110550911447522,-0.019437883033352255,0.9188585783050649,1.0060742734688288
2015-08-12,40.385711669921875,0.007110550911447522,-0.019437883033352255,-0.004715124511786817,1.0,-1.0,0.0,-0.0,0.007110550911447522,0.9188585783050649,1.0132280158110265
2015-08-13,40.377079010009766,-0.00021375529996014997,0.007110550911447522,-0.0034614381818288908,-1.0,-1.0,0.0,0.0,-0.00021375529996014997,0.9188585783050649,1.0130114329525788
2015-08-14,40.61036682128906,0.005777728775810287,-0.00021375529996014997,0.0005311117782364372,1.0,1.0,1.0,0.00680834179679346,0.005777728775810287,0.9251144815690815,1.0188643382589737
2015-08-17,40.88685607910156,0.00680834179679346,0.005777728775810287,0.0011719077688693291,1.0,1.0,1.0,0.005530570119508305,0.00680834179679346,0.9302308920779718,1.0258011149184045
2015-08-18,41.11298370361328,0.005530570119508305,0.00680834179679346,8.996630147772855e-06,1.0,1.0,1.0,-0.01396202206778141,0.005530570119508305,0.9172429878346472,1.0314743799131305
2015-08-19,40.538963317871094,-0.01396202206778141,0.005530570119508305,0.0050026872607198845,-1.0,1.0,1.0,-0.02038195750728844,-0.01396202206778141,0.8985477802327432,1.0170729118584323
2015-08-20,39.71269989013672,-0.02038195750728844,-0.01396202206778141,0.0007881726648740983,-1.0,1.0,1.0,-0.056723506370428334,-0.02038195750728844,0.8475789994965769,0.9963429749871197
2015-08-21,37.46005630493164,-0.056723506370428334,-0.02038195750728844,-0.0032454677765915594,-1.0,-1.0,0.0,-0.0,-0.056723506370428334,0.8475789994965769,0.9398269078983063
2015-08-24,36.2511100769043,-0.032272942095609825,-0.056723506370428334,-0.015745714805839285,-1.0,-1.0,0.0,-0.0,-0.032272942095609825,0.8475789994965769,0.9094959285198082
2015-08-25,35.19871520996094,-0.029030693534922825,-0.032272942095609825,-0.02356197158431994,-1.0,-1.0,0.0,0.0,-0.029030693534922825,0.8475789994965769,0.8830926309476895
2015-08-26,37.14693832397461,0.05534926778981819,-0.029030693534922825,-0.030474224315206168,1.0,-1.0,0.0,0.0,0.05534926778981819,0.8475789994965769,0.9319711614612283
2015-08-27,38.18193817138672,0.027862319052661233,0.05534926778981819,-0.016611966343686245,1.0,-1.0,0.0,0.0,0.027862319052661233,0.8475789994965769,0.9579380393097403
2015-08-28,38.208030700683594,0.0006833736197402462,0.027862319052661233,-0.0069631110316963115,1.0,-1.0,0.0,-0.0,0.0006833736197402462,0.8475789994965769,0.9585926688951503
2015-08-31,37.851436614990234,-0.009332961661564498,0.0006833736197402462,0.004518264966337404,-1.0,1.0,1.0,-0.03906212600882819,-0.009332961661564498,0.8144707618158051,0.9496461602672951
2015-09-01,36.37287902832031,-0.03906212600882819,-0.009332961661564498,0.009106261053146469,-1.0,1.0,1.0,0.03682417451954567,-0.03906212600882819,0.8444629752899776,0.9125509622911342
2015-09-02,37.7122802734375,0.03682417451954567,-0.03906212600882819,0.007099974558365396,1.0,1.0,1.0,0.003228893891674467,0.03682417451954567,0.8471896566326367,0.9461548981845223
2015-09-03,37.834049224853516,0.003228893891674467,0.03682417451954567,0.0033949559043108925,1.0,1.0,1.0,-0.02046013654610135,0.003228893891674467,0.8298560405774882,0.9492099319558481
2015-09-04,37.059959411621094,-0.02046013654610135,0.003228893891674467,-0.0015317291278864609,-1.0,-1.0,0.0,0.0,-0.02046013654610135,0.8298560405774882,0.9297889671371159
2015-09-08,38.173240661621094,0.030040001869265476,-0.02046013654610135,-0.00576043116105478,1.0,-1.0,0.0,-0.0,0.030040001869265476,0.8298560405774882,0.9577198294479373
2015-09-09,37.46005630493164,-0.018682834999819153,0.030040001869265476,0.002114161545111215,-1.0,1.0,1.0,0.005107878071216154,-0.018682834999819153,0.8340948440494202,0.9398269078983066
2015-09-10,37.651397705078125,0.005107878071216154,-0.018682834999819153,0.0061900197469130225,1.0,1.0,1.0,0.004388917302459605,0.005107878071216154,0.8377556173423611,0.9446274291518992
2015-09-11,37.816646575927734,0.004388917302459605,0.005107878071216154,-0.000153239542752881,1.0,-1.0,0.0,-0.0,0.004388917302459605,0.8377556173423611,0.9487733208200819
2015-09-14,37.433956146240234,-0.01011962890255591,0.004388917302459605,7.876513940414664e-05,-1.0,1.0,1.0,0.021840018334699396,-0.01011962890255591,0.8560522153851158,0.9391720869007371
2015-09-15,38.25151443481445,0.021840018334699396,-0.01011962890255591,0.0021468666681132343,1.0,1.0,1.0,0.0072760599576859875,0.021840018334699396,0.8622809026311677,0.959683622498087
2015-09-16,38.52983474731445,0.0072760599576859875,0.021840018334699396,0.0005068699612000183,1.0,1.0,1.0,-0.0011283750636734702,0.0072760599576859875,0.8613079263627569,0.9666663380757924
2015-09-17,38.486358642578125,-0.0011283750636734702,0.0072760599576859875,0.005698648952701046,-1.0,1.0,1.0,-0.017401284254246807,-0.0011283750636734702,0.8463200623056827,0.9655755758850151
2015-09-18,37.816646575927734,-0.017401284254246807,-0.0011283750636734702,0.004451398325723122,-1.0,1.0,1.0,0.014489872149907601,-0.017401284254246807,0.8585831318063939,0.9487733208200819
2015-09-21,38.36460494995117,0.014489872149907601,-0.017401284254246807,9.33580143818391e-05,1.0,1.0,1.0,-0.0047613361014078315,0.014489872149907601,0.8544951289448643,0.9625209249380082
2015-09-22,38.18193817138672,-0.0047613361014078315,0.014489872149907601,0.005015258224874542,-1.0,1.0,1.0,-0.0006834735281641136,-0.0047613361014078315,0.8539111041442854,0.9579380393097404
2015-09-23,38.15584182739258,-0.0006834735281641136,-0.0047613361014078315,-0.00030501266234690406,-1.0,-1.0,0.0,0.0,-0.0006834735281641136,0.8539111041442854,0.9572833140182507
2015-09-24,38.190635681152344,0.0009118879860432472,-0.0006834735281641136,-0.0018969193595169242,1.0,-1.0,0.0,0.0,0.0009118879860432472,0.8539111041442854,0.9581562491715436
2015-09-25,38.216732025146484,0.0006833178743610446,0.0009118879860432472,-0.0014888667495735809,1.0,-1.0,0.0,-0.0,0.0006833178743610446,0.8539111041442854,0.9588109744630333
2015-09-28,37.651397705078125,-0.014792848318280316,0.0006833178743610446,0.0021280536761479896,-1.0,1.0,1.0,0.0034649133827378,-0.014792848318280316,0.8568698321567033,0.9446274291518991
2015-09-29,37.781856536865234,0.0034649133827378,-0.014792848318280316,-0.0037284904174895938,1.0,-1.0,0.0,0.0,0.0034649133827378,0.8568698321567033,0.9479004813728688
2015-09-30,38.495059967041016,0.01887687624560952,0.0034649133827378,-0.0020832405206604675,1.0,-1.0,0.0,0.0,0.01887687624560952,0.8568698321567033,0.9657938814528981
2015-10-01,38.79946517944336,0.007907643543430654,0.01887687624560952,0.001828829434094259,1.0,1.0,1.0,0.021519810104112302,0.007907643543430654,0.8753095082286582,0.973431035203854
2015-10-02,39.634422302246094,0.021519810104112302,0.007907643543430654,0.00322798054557174,1.0,1.0,1.0,0.023260897142097114,0.021519810104112302,0.8956699926670646,0.9943790862308903
2015-10-05,40.55635452270508,0.023260897142097114,0.021519810104112302,0.007395278991521992,1.0,1.0,1.0,0.002573364981110604,0.023260897142097114,0.8979748784608256,1.0175092358759597
2015-10-06,40.66072082519531,0.002573364981110604,0.023260897142097114,0.015006028083597477,1.0,1.0,1.0,0.0010696161465597598,0.002573364981110604,0.8989353668900323,1.0201276585115195
2015-10-07,40.7042121887207,0.0010696161465597598,0.002573364981110604,0.01482771840327204,1.0,1.0,1.0,0.01388912188102287,0.0010696161465597598,0.9114207897639299,1.0212188035266156
2015-10-08,41.26955795288086,0.01388912188102287,0.0010696161465597598,0.011266266383462087,1.0,1.0,1.0,-0.00716573646029095,0.01388912188102287,0.9048897885800513,1.0354026359559891
2015-10-09,40.97383117675781,-0.00716573646029095,0.01388912188102287,0.01246256205098053,-1.0,1.0,1.0,-0.0023348754553095263,-0.00716573646029095,0.9027769836229356,1.027983213536438
2015-10-12,40.8781623840332,-0.0023348754553095263,-0.00716573646029095,0.00672545273809988,-1.0,1.0,1.0,-0.002340433176106882,-0.0023348754553095263,0.9006640944198387,1.0255830007626816
2015-10-13,40.78248977661133,-0.002340433176106882,-0.0023348754553095263,0.0016062982186185516,-1.0,1.0,1.0,-0.00447858152061309,-0.002340433176106882,0.8966303968502903,1.0231826922828453
2015-10-14,40.5998420715332,-0.00447858152061309,-0.002340433176106882,0.0006235385871750543,-1.0,1.0,1.0,0.007069338030001759,-0.00447858152061309,0.9029689802135996,1.0186002851849763
2015-10-15,40.88685607910156,0.007069338030001759,-0.00447858152061309,-0.0004861009462595156,1.0,-1.0,0.0,0.0,0.007069338030001759,0.9029689802135996,1.025801114918405
2015-10-16,41.32174301147461,0.01063635050666889,0.007069338030001759,-0.0018500577164637377,1.0,-1.0,0.0,0.0,0.01063635050666889,0.9029689802135996,1.0367118951268088
2015-10-19,41.417415618896484,0.0023153090951488764,0.01063635050666889,0.0017103596769282303,1.0,1.0,1.0,0.003149762367846254,0.0023153090951488764,0.905813117926809,1.039112203606645
2015-10-20,41.54787063598633,0.003149762367846254,0.0023153090951488764,0.0026403965870199107,1.0,1.0,1.0,-0.011932121534863116,0.003149762367846254,0.8950048457158329,1.0423851601215348
2015-10-21,41.05211639404297,-0.011932121534863116,0.003149762367846254,0.003738435695810538,-1.0,1.0,1.0,0.017584801319807886,-0.011932121534863116,0.9107433281080112,1.0299472937048268
2015-10-22,41.774009704589844,0.017584801319807886,-0.011932121534863116,0.002247727692960533,1.0,1.0,1.0,0.10077039078219441,0.017584801319807886,1.0025192891837318,1.0480587122345
2015-10-23,45.98359298706055,0.10077039078219441,0.017584801319807886,0.004350820350921758,1.0,1.0,1.0,0.026101507318162964,0.10077039078219441,1.0286865537469605,1.153671998229054
2015-10-26,47.183834075927734,0.026101507318162964,0.10077039078219441,0.02237762840602686,1.0,1.0,1.0,-0.010322534014382323,0.026101507318162964,1.0180679018057697,1.1837845763335892
2015-10-27,46.69677734375,-0.010322534014382323,0.026101507318162964,0.02713486805062968,-1.0,1.0,1.0,0.005401477623255158,-0.010322534014382323,1.023566972796328,1.1715649197786846
2015-10-28,46.94900894165039,0.005401477623255158,-0.010322534014382323,0.024440408774183964,1.0,1.0,1.0,-0.011485853105785648,0.005401477623255158,1.0118104329028557,1.17789310147706
2015-10-29,46.409759521484375,-0.011485853105785648,0.005401477623255158,0.02790712860580762,-1.0,1.0,1.0,-0.013493215540964831,-0.011485853105785648,0.9981578566451005,1.1643639943391761
2015-10-30,45.78354263305664,-0.013493215540964831,-0.011485853105785648,0.02209299772068891,-1.0,1.0,1.0,0.011397963369241815,-0.013493215540964831,1.0095348233318622,1.1486529799954188
2015-11-02,46.305381774902344,0.011397963369241815,-0.013493215540964831,-0.0007597235439429362,1.0,-1.0,0.0,0.0,0.011397963369241815,1.0095348233318622,1.161745284585377
2015-11-03,47.096866607666016,0.01709271800438228,0.011397963369241815,-0.003700432333727166,1.0,-1.0,0.0,0.0,0.01709271800438228,1.0095348233318622,1.1816026691277157
2015-11-04,47.31428909301758,0.004616495767388651,0.01709271800438228,0.0017826180700257544,1.0,1.0,1.0,-0.0003673258348660946,0.004616495767388651,1.0091639951100555,1.187057532848479
2015-11-05,47.29690933227539,-0.0003673258348660946,0.004616495767388651,0.001625621698852453,-1.0,1.0,1.0,0.009929910640724682,-0.0003673258348660946,1.0191849034033351,1.1866214959491912
2015-11-06,47.766563415527344,0.009929910640724682,-0.0003673258348660946,0.0038493271530363636,1.0,1.0,1.0,-0.0138379573793308,0.009929910640724682,1.0050814661483825,1.1984045413683297
2015-11-09,47.10557174682617,-0.0138379573793308,0.009929910640724682,0.008533952389374266,-1.0,1.0,1.0,-0.012001594047119979,-0.0138379573793308,0.9930188864073854,1.1818210704016783
2015-11-10,46.54022979736328,-0.012001594047119979,-0.0138379573793308,0.0034867682396597433,-1.0,1.0,1.0,0.0026160136823516478,-0.012001594047119979,0.9956166374010608,1.1676373336783845
2015-11-11,46.66197967529297,0.0026160136823516478,-0.012001594047119979,-0.0023320941706407084,1.0,-1.0,0.0,-0.0,0.0026160136823516478,0.9956166374010608,1.1706918889193119
2015-11-12,46.374969482421875,-0.00615083618115464,0.0026160136823516478,-0.002732190587648109,-1.0,-1.0,0.0,-0.0,-0.00615083618115464,0.9956166374010608,1.1634911548919626
2015-11-13,45.957481384277344,-0.009002444698163692,-0.00615083618115464,-0.003888892656905818,-1.0,-1.0,0.0,0.0,-0.009002444698163692,0.9956166374010608,1.1530168901132452
2015-11-16,46.766357421875,0.01760053016905272,-0.009002444698163692,-0.007675363724683493,1.0,-1.0,0.0,-0.0,0.01760053016905272,0.9956166374010608,1.1733105986731107
2015-11-17,46.3810920715332,-0.008238087624964141,0.01760053016905272,-0.0013876662150067887,-1.0,-1.0,0.0,0.0,-0.008238087624964141,0.9956166374010608,1.1636447631499425
2015-11-18,47.15162658691406,0.01661311713386282,-0.008238087624964141,-0.0006349649305756211,1.0,-1.0,0.0,0.0,0.01661311713386282,0.9956166374010608,1.1829765299023585
2015-11-19,47.23042678833008,0.0016712085482515349,0.01661311713386282,0.0021644557597266132,1.0,1.0,1.0,0.004634778950265872,0.0016712085482515349,1.0002311004346216,1.1849535303915122
2015-11-20,47.4493293762207,0.004634778950265872,0.0016712085482515349,0.0037288647056078483,1.0,1.0,1.0,0.0,0.004634778950265872,1.0002311004346216,1.190445528071214
2015-11-23,47.4493293762207,0.0,0.004634778950265872,0.0064563094352937615,0.0,1.0,1.0,0.001107202386900763,0.0,1.0013385586964751,1.190445528071214
2015-11-24,47.50186538696289,0.001107202386900763,0.0,0.0029362034014832174,1.0,1.0,1.0,-0.010322406354666636,0.001107202386900763,0.9910023351950139,1.1917635922013698
2015-11-25,47.011531829833984,-0.010322406354666636,0.001107202386900763,0.004805261403856198,-1.0,1.0,1.0,0.004470215374473563,-0.010322406354666636,0.9954323290699418,1.17946172412397
2015-11-27,47.221683502197266,0.004470215374473563,-0.010322406354666636,-0.0005818432938496931,1.0,-1.0,0.0,0.0,0.004470215374473563,0.9954323290699418,1.1847341720567521
2015-11-30,47.589439392089844,0.007787860631344623,0.004470215374473563,-2.204192860528753e-05,1.0,-1.0,0.0,0.0,0.007787860631344623,0.9954323290699418,1.1939607166739217
2015-12-01,48.351219177246094,0.016007328409144206,0.007787860631344623,0.0006085744076104627,1.0,1.0,1.0,-0.00018122313704271864,0.016007328409144206,0.9952519337005541,1.2130728379733384
2015-12-02,48.34245681762695,-0.00018122313704271864,0.016007328409144206,0.003810040089439304,-1.0,1.0,1.0,-0.01829383433739573,-0.00018122313704271864,0.9770449597014634,1.2128530011081795
2015-12-03,47.45808792114258,-0.01829383433739573,-0.00018122313704271864,0.0035523549846506073,-1.0,1.0,1.0,0.03155000706141298,-0.01829383433739573,1.0078707350793625,1.1906652692302933
2015-12-04,48.95539093017578,0.03155000706141298,-0.01829383433739573,0.0019580693881047885,1.0,1.0,1.0,-0.0017886193812658435,0.03155000706141298,1.006068037948789,1.2282307668822883
2015-12-07,48.867828369140625,-0.0017886193812658435,0.03155000706141298,0.007374027725492671,-1.0,1.0,1.0,-0.0003583804668828572,-0.0017886193812658435,1.005707482815633,1.2260339295279756
2015-12-08,48.85031509399414,-0.0003583804668828572,-0.0017886193812658435,0.005458731722970578,-1.0,1.0,1.0,-0.014518792514370604,-0.0003583804668828572,0.9911058245424829,1.2255945429158972
2015-12-09,48.14106750488281,-0.014518792514370604,-0.0003583804668828572,0.0021855899477651653,-1.0,1.0,1.0,0.005274530083141826,-0.014518792514370604,0.9963334420296093,1.2078003900405565
2015-12-10,48.394989013671875,0.005274530083141826,-0.014518792514370604,-0.0006819239277004119,1.0,-1.0,0.0,-0.0,0.005274530083141826,0.9963334420296093,1.2141709695322558
2015-12-11,47.335514068603516,-0.021892244768751845,0.005274530083141826,0.004031748956407099,-1.0,1.0,1.0,0.01997756255459371,-0.021892244768751845,1.0162377556929894,1.1875900414761429
2015-12-14,48.28116226196289,0.01997756255459371,-0.021892244768751845,-0.006656701409625865,1.0,-1.0,0.0,0.0,0.01997756255459371,1.0162377556929894,1.211315195818945
2015-12-15,48.33370590209961,0.0010882844918196355,0.01997756255459371,-0.0023034650224539543,1.0,-1.0,0.0,0.0,0.0010882844918196355,1.0162377556929894,1.2126334513612602
2015-12-16,49.148014068603516,0.016847625302170988,0.0010882844918196355,-0.0020141320307134557,1.0,-1.0,0.0,-0.0,0.016847625302170988,1.0162377556929894,1.233063445378673
2015-12-17,48.7714958190918,-0.007660904649904099,0.016847625302170988,0.004259151532594862,-1.0,1.0,1.0,-0.028186205016677568,-0.007660904649904099,0.9875938699653385,1.2236170638963448
2015-12-18,47.396812438964844,-0.028186205016677568,-0.007660904649904099,0.0016720645859856775,-1.0,1.0,1.0,0.01293148616596329,-0.028186205016677568,1.0003649264323855,1.1891279424714574
2015-12-21,48.00972366333008,0.01293148616596329,-0.028186205016677568,0.00041327253640053294,1.0,1.0,1.0,0.009483959308284273,0.01293148616596329,1.009852346688105,1.2045051340090873
2015-12-22,48.46504592895508,0.009483959308284273,0.01293148616596329,-0.0009959427413255505,1.0,-1.0,0.0,0.0,0.009483959308284273,1.009852346688105,1.215928611686649
2015-12-23,48.876590728759766,0.008491579692464724,0.009483959308284273,0.000683192221967377,1.0,1.0,1.0,-0.0026874106599660275,0.008491579692464724,1.0071384587266237,1.226253766393134
2015-12-24,48.7452392578125,-0.0026874106599660275,0.008491579692464724,-0.0009880168999738758,-1.0,-1.0,0.0,0.0,-0.0026874106599660275,1.0071384587266237,1.2229583189495057
2015-12-28,48.99040603637695,0.0050295532917126184,-0.0026874106599660275,6.6818980137384186e-06,1.0,1.0,1.0,0.010723890233248934,0.0050295532917126184,1.0179389010076916,1.2291092529882055
2015-12-29,49.51577377319336,0.010723890233248934,0.0050295532917126184,0.0066498335596917755,1.0,1.0,1.0,-0.004243750685174907,0.010723890233248934,1.013619022099074,1.2422900857019217
2015-12-30,49.305641174316406,-0.004243750685174907,0.010723890233248934,0.0062083143731489045,-1.0,1.0,1.0,-0.014740222533105585,-0.004243750685174907,0.9986780521495447,1.2370181162995382
2015-12-31,48.57886505126953,-0.014740222533105585,-0.004243750685174907,0.003462772374457068,-1.0,1.0,1.0,-0.012256395106959306,-0.014740222533105585,0.9864378593577514,1.2187841939878
2016-01-04,47.983463287353516,-0.012256395106959306,-0.014740222533105585,-0.0011835880706569935,-1.0,-1.0,0.0,0.0,-0.012256395106959306,0.9864378593577514,1.2038462933561684
2016-01-05,48.202354431152344,0.00456180377160309,-0.012256395106959306,-0.003097384960055649,1.0,-1.0,0.0,-0.0,0.00456180377160309,0.9864378593577514,1.209338003917631
2016-01-06,47.32675552368164,-0.01816506512604743,0.00456180377160309,-0.0031909348640775546,-1.0,-1.0,0.0,-0.0,-0.01816506512604743,0.9864378593577514,1.187370300317063
2016-01-07,45.68059158325195,-0.03478294512722235,-0.01816506512604743,-0.008968725935936828,-1.0,-1.0,0.0,0.0,-0.03478294512722235,0.9864378593577514,1.1460700643154411
2016-01-08,45.820701599121094,0.0030671672807431882,-0.03478294512722235,-0.015076564824346318,1.0,-1.0,0.0,-0.0,0.0030671672807431882,0.9864378593577514,1.1495852529181487
2016-01-11,45.79443359375,-0.0005732781134804021,0.0030671672807431882,-0.011515086861576563,-1.0,-1.0,0.0,0.0,-0.0005732781134804021,0.9864378593577514,1.1489262208530708
2016-01-12,46.214725494384766,0.009177794497105207,-0.0005732781134804021,-0.009178463462880782,1.0,-1.0,0.0,-0.0,0.009177794497105207,0.9864378593577514,1.159470829600396
2016-01-13,45.21651840209961,-0.0215993296856527,0.009177794497105207,-0.008255265317780359,-1.0,-1.0,0.0,0.0,-0.0215993296856527,0.9864378593577514,1.1344270368909597
2016-01-14,46.50366973876953,0.0284663964001739,-0.0215993296856527,-0.008942118229701413,1.0,-1.0,0.0,-0.0,0.0284663964001739,0.9864378593577514,1.1667200866101723
2016-01-15,44.64738082885742,-0.03991704139349983,0.0284663964001739,0.003707750075777838,-1.0,1.0,1.0,-0.008432641609399383,-0.03991704139349983,0.9781195824198444,1.1201480726183264
2016-01-19,44.2708854675293,-0.008432641609399383,-0.03991704139349983,-0.004889091659070766,-1.0,-1.0,0.0,0.0,-0.008432641609399383,0.9781195824198444,1.1107022653724765
2016-01-20,44.47226333618164,0.004548765323432402,-0.008432641609399383,-0.006460964358254562,1.0,-1.0,0.0,-0.0,0.004548765323432402,0.9781195824198444,1.1157545893218606
2016-01-21,44.20082473754883,-0.006103548105499179,0.004548765323432402,-0.007386770192989123,-1.0,-1.0,0.0,0.0,-0.006103548105499179,0.9781195824198444,1.1089445275120031
2016-01-22,45.785667419433594,0.03585550023772366,-0.006103548105499179,-0.004287613876958418,1.0,-1.0,0.0,-0.0,0.03585550023772366,0.9781195824198444,1.1487062882818322
2016-01-25,45.34787368774414,-0.00956180735947143,0.03585550023772366,-0.0028097931094484664,-1.0,-1.0,0.0,0.0,-0.00956180735947143,0.9781195824198444,1.1377225800406678
2016-01-26,45.68059158325195,0.007337012046007674,-0.00956180735947143,0.0032612536973572136,1.0,1.0,1.0,-0.01820926500136577,0.007337012046007674,0.9603087437405362,1.1460700643154411
2016-01-27,44.84878158569336,-0.01820926500136577,0.007337012046007674,0.006415184428438625,-1.0,1.0,1.0,0.016399561140541197,-0.01820926500136577,0.9760573856973055,1.125200970804189
2016-01-28,45.58428192138672,0.016399561140541197,-0.01820926500136577,0.0018635783634789905,1.0,1.0,1.0,0.05820222624168103,0.016399561140541197,1.0328660984845237,1.1436537729202887
2016-01-29,48.237388610839844,0.05820222624168103,0.016399561140541197,0.006364200212687065,1.0,1.0,1.0,-0.006897668685729275,0.05820222624168103,1.0257417303404557,1.2102169685539474
2016-02-01,47.9046630859375,-0.006897668685729275,0.05820222624168103,0.01083354541347854,-1.0,1.0,1.0,-0.031255813064583915,-0.006897668685729275,0.9936813385643916,1.2018692928670147
2016-02-02,46.40736389160156,-0.031255813064583915,-0.006897668685729275,0.011366373148226971,-1.0,1.0,1.0,-0.01584936046555596,-0.031255813064583915,0.9779321248415883,1.1643038909210996
2016-02-03,45.671836853027344,-0.01584936046555596,-0.031255813064583915,0.0036478081261086537,-1.0,1.0,1.0,-0.0030672540746795596,-0.01584936046555596,0.9749325585469079,1.1458504188624419
2016-02-04,45.5317497253418,-0.0030672540746795596,-0.01584936046555596,0.004119789033270616,-1.0,1.0,1.0,-0.035384753945563285,-0.0030672540746795596,0.940434809849207,1.1423358044962129
2016-02-05,43.92061996459961,-0.035384753945563285,-0.0030672540746795596,0.00022642599022646426,-1.0,1.0,1.0,-0.01495197779099311,-0.035384753945563285,0.9263734494584649,1.1019145331309073
2016-02-08,43.263919830322266,-0.01495197779099311,-0.035384753945563285,-0.0184909700472224,-1.0,-1.0,0.0,-0.0,-0.01495197779099311,0.9263734494584649,1.0854387315039613
2016-02-09,43.150081634521484,-0.0026312501559554446,-0.01495197779099311,-0.020101831868275168,-1.0,-1.0,0.0,0.0,-0.0026312501559554446,0.9263734494584649,1.0825826706724113
2016-02-10,43.526615142822266,0.008726136638396165,-0.0026312501559554446,-0.014376919286549472,1.0,-1.0,0.0,-0.0,0.008726136638396165,0.9263734494584649,1.0920294349790587
2016-02-11,43.50909423828125,-0.0004025331279154942,0.008726136638396165,-0.009461819865759048,-1.0,-1.0,0.0,0.0,-0.0004025331279154942,0.9263734494584649,1.0915898569548208
2016-02-12,44.21833801269531,0.01630104663934917,-0.0004025331279154942,-0.008928875676406234,1.0,-1.0,0.0,0.0,0.01630104663934917,0.9263734494584649,1.1093839141240818
2016-02-16,45.05613708496094,0.0189468693288537,0.01630104663934917,0.0014082844405762574,1.0,1.0,1.0,0.02603284205934786,0.0189468693288537,0.9504895831561904,1.130403266180523
2016-02-17,46.22907638549805,0.02603284205934786,0.0189468693288537,0.00818805386454562,1.0,1.0,1.0,-0.004388268519454508,0.02603284205934786,0.9463185796403566,1.1598308758723714
2016-02-18,46.02621078491211,-0.004388268519454508,0.02603284205934786,0.01392087230760628,-1.0,1.0,1.0,-0.007089472914289852,-0.004388268519454508,0.9396096797017071,1.1547412265518893
2016-02-19,45.69990921020508,-0.007089472914289852,-0.004388268519454508,0.011297991276036146,-1.0,1.0,1.0,0.01601733628927038,-0.007089472914289852,0.9546597239221429,1.1465547199032358
2016-02-22,46.43190002441406,0.01601733628927038,-0.007089472914289852,0.009960603318761274,1.0,1.0,1.0,-0.027920173804396486,0.01601733628927038,0.9280054585061795,1.1649194724259762
2016-02-23,45.13551330566406,-0.027920173804396486,0.01601733628927038,0.009903861248745515,-1.0,1.0,1.0,0.0035169866406401518,-0.027920173804396486,0.9312692413061869,1.132394718287717
2016-02-24,45.294254302978516,0.0035169866406401518,-0.027920173804396486,0.0005304526220954786,1.0,1.0,1.0,0.014407993789929296,0.0035169866406401518,0.9446869627516786,1.1363773353838664
2016-02-25,45.94685363769531,0.014407993789929296,0.0035169866406401518,-0.0039727184616460635,1.0,-1.0,0.0,-0.0,0.014407993789929296,0.9446869627516786,1.1527502529750935
2016-02-26,45.24134063720703,-0.015354979604293773,0.014407993789929296,-0.00021346599976930226,-1.0,-1.0,0.0,-0.0,-0.015354979604293773,0.9446869627516786,1.1350497963518165
2016-02-29,44.870933532714844,-0.00818735915592117,-0.015354979604293773,-0.0018665673377700864,-1.0,-1.0,0.0,0.0,-0.00818735915592117,0.9446869627516786,1.1257567360092289
2016-03-01,46.370174407958984,0.03341229515875943,-0.00818735915592117,-0.006707506426808396,1.0,-1.0,0.0,0.0,0.03341229515875943,0.9446869627516786,1.1633708523497308
2016-03-02,46.69647216796875,0.007036802517476737,0.03341229515875943,0.0055589873658227875,1.0,1.0,1.0,-0.011331650491781864,0.007036802517476737,0.9339821002656337,1.1715572632923044
2016-03-03,46.16732406616211,-0.011331650491781864,0.007036802517476737,0.006262950541190105,-1.0,1.0,1.0,-0.006112793180442999,-0.011331650491781864,0.9282728608524741,1.1582815858535676
2016-03-04,45.88511276245117,-0.006112793180442999,-0.011331650491781864,0.0011150216848478723,-1.0,1.0,1.0,-0.01921934284944926,-0.006112793180442999,0.9104320664819112,1.1512012500745292
2016-03-07,45.003231048583984,-0.01921934284944926,-0.006112793180442999,0.002963458969618027,-1.0,1.0,1.0,0.012149447073900754,-0.01921934284944926,0.9214933126880153,1.1290759185606323
2016-03-08,45.54999542236328,0.012149447073900754,-0.01921934284944926,0.0007570622309124086,1.0,1.0,1.0,0.023039768830160012,0.012149447073900754,0.9427243055908855,1.1427935666756006
2016-03-09,46.599456787109375,0.023039768830160012,0.012149447073900754,-0.0034955073860593266,1.0,-1.0,0.0,-0.0,0.023039768830160012,0.9427243055908855,1.1691232662724005
2016-03-10,45.902767181396484,-0.014950595001476774,0.023039768830160012,-0.00029491412352267155,-1.0,-1.0,0.0,0.0,-0.014950595001476774,0.9427243055908855,1.151644177811558
2016-03-11,46.802284240722656,0.019596140157988717,-0.014950595001476774,-0.0010187030254616535,1.0,-1.0,0.0,0.0,0.019596140157988717,0.9427243055908855,1.174211958532085
2016-03-14,46.890480041503906,0.0018844336812200435,0.019596140157988717,0.00412308364222469,1.0,1.0,1.0,0.007899246814487837,0.0018844336812200435,0.9501711175587646,1.1764246830956342
2016-03-15,47.26087951660156,0.007899246814487837,0.0018844336812200435,0.00834383894835855,1.0,1.0,1.0,0.014181757013956409,0.007899246814487837,0.9636462134696624,1.1857175520260623
2016-03-16,47.931121826171875,0.014181757013956409,0.007899246814487837,0.0074937988964759675,1.0,1.0,1.0,0.005703925297671608,0.014181757013956409,0.9691427794846774,1.2025331102360792
2016-03-17,48.20451736450195,0.005703925297671608,0.014181757013956409,0.0057221965332352465,1.0,1.0,1.0,-0.02140533097509012,0.005703925297671608,0.9483979575276891,1.2093922692648424
2016-03-18,47.17268371582031,-0.02140533097509012,0.005703925297671608,0.009853100593064924,-1.0,1.0,1.0,0.006917253030801485,-0.02140533097509012,0.9549582661738034,1.1835048274625133
2016-03-21,47.49898910522461,0.006917253030801485,-0.02140533097509012,0.0016528063664491555,1.0,1.0,1.0,0.003898864199910479,0.006917253030801485,0.958681518770197,1.1916914298172465
2016-03-22,47.684181213378906,0.003898864199910479,0.006917253030801485,0.0026593702363654436,1.0,1.0,1.0,-0.0018491019527648866,0.003898864199910479,0.9569088189017595,1.196337672870301
2016-03-23,47.59600830078125,-0.0018491019527648866,0.003898864199910479,0.001859293713449972,-1.0,1.0,1.0,0.004446659006710485,-0.0018491019527648866,0.9611638661199297,1.1941255225432303
2016-03-24,47.80765151977539,0.004446659006710485,-0.0018491019527648866,-0.001346878079894287,1.0,-1.0,0.0,-0.0,0.004446659006710485,0.9611638661199297,1.1994353915531901
2016-03-28,47.21678924560547,-0.012359157067682203,0.004446659006710485,-0.0015983313380865116,-1.0,-1.0,0.0,0.0,-0.012359157067682203,0.9611638661199297,1.1846113811564474
2016-03-29,48.24860763549805,0.021852785976729905,-0.012359157067682203,0.00021090344339507182,1.0,1.0,1.0,0.006214617661822741,0.021852785976729905,0.9671371320582244,1.2104984401344576
2016-03-30,48.54845428466797,0.006214617661822741,0.021852785976729905,0.003198010032580756,1.0,1.0,1.0,0.003269586442220751,0.006214617661822741,0.9702992705129702,1.2180212251201261
2016-03-31,48.70718765258789,0.003269586442220751,0.006214617661822741,0.0036611607249632085,1.0,1.0,1.0,0.006156498395988086,0.003269586442220751,0.9762729164155116,1.2220036508041159
2016-04-01,49.00705337524414,0.006156498395988086,0.003269586442220751,0.0046848984039603355,1.0,1.0,1.0,-0.002520062225104036,0.006156498395988086,0.9738126479174607,1.229526914320183
2016-04-04,48.88355255126953,-0.002520062225104036,0.006156498395988086,0.005026866281815856,-1.0,1.0,1.0,-0.015695152299772253,-0.002520062225104036,0.9585285100969516,1.226428429988656
2016-04-05,48.11631774902344,-0.015695152299772253,-0.002520062225104036,0.0069946852503314895,-1.0,1.0,1.0,0.010263684569209008,-0.015695152299772253,0.9683665443751805,1.2071794489952135
2016-04-06,48.61016845703125,0.010263684569209008,-0.015695152299772253,-0.0005149024049689421,1.0,-1.0,0.0,-0.0,0.010263684569209008,0.9683665443751805,1.2195695580781318
2016-04-07,48.02812194824219,-0.01197376037286435,0.010263684569209008,0.00029491097650831134,-1.0,1.0,1.0,-0.0007345346618075066,-0.01197376037286435,0.9676552455830022,1.2049667244316642
2016-04-08,47.99284362792969,-0.0007345346618075066,-0.01197376037286435,-0.002753758386508709,-1.0,-1.0,0.0,-0.0,-0.0007345346618075066,0.9676552455830022,1.2040816346062444
2016-04-11,47.89584732055664,-0.0020210577252938178,-0.0007345346618075066,-0.004131964998067827,-1.0,-1.0,0.0,0.0,-0.0020210577252938178,0.9676552455830022,1.201648116116739
2016-04-12,48.19569396972656,0.0062603892809978134,-0.0020210577252938178,-0.0040321640981057835,1.0,-1.0,0.0,0.0,0.0062603892809978134,0.9676552455830022,1.2091709011024074
2016-04-13,48.81300735473633,0.012808475906530559,0.0062603892809978134,0.0003589442180482294,1.0,1.0,1.0,0.00018114983568739973,0.012808475906530559,0.9678305361717416,1.2246585374560555
2016-04-14,48.82184982299805,0.00018114983568739973,0.012808475906530559,0.0008679024855125395,1.0,1.0,1.0,0.0052380169170178625,0.00018114983568739973,0.9729000488930157,1.224880384148889
2016-04-15,49.077579498291016,0.0052380169170178625,0.00018114983568739973,0.0032988845272228897,1.0,1.0,1.0,0.014555560020591773,0.0052380169170178625,0.9870611539487147,1.2312963283223841
2016-04-18,49.79193115234375,0.014555560020591773,0.0052380169170178625,0.004493394842987964,1.0,1.0,1.0,-0.0012399775187517115,0.014555560020591773,0.9858372203081852,1.2492185359324148
2016-04-19,49.73019027709961,-0.0012399775187517115,0.014555560020591773,0.007808718392165082,-1.0,1.0,1.0,-0.014186738113405095,-0.0012399775187517115,0.9718514058412258,1.2476695330318508
2016-04-20,49.024681091308594,-0.014186738113405095,-0.0012399775187517115,0.006308645032215177,-1.0,1.0,1.0,0.003417726424083778,-0.014186738113405095,0.9751729280712523,1.2299691721146535
2016-04-21,49.19223403930664,0.003417726424083778,-0.014186738113405095,0.0009096022282280459,1.0,1.0,1.0,-0.07171025995294933,0.003417726424083778,0.9052430239001841,1.2341728702549981
2016-04-22,45.66464614868164,-0.07171025995294933,0.003417726424083778,0.0015569175459073214,-1.0,1.0,1.0,0.0063733045809384326,-0.07171025995294933,0.9110124134112697,1.1456700129021347
2016-04-25,45.95568084716797,0.0063733045809384326,-0.07171025995294933,-0.013832737828086117,1.0,-1.0,0.0,-0.0,0.0063733045809384326,0.9110124134112697,1.1529717168436076
2016-04-26,45.364803314208984,-0.012857551494537267,0.0063733045809384326,-0.015469188916016785,-1.0,-1.0,0.0,-0.0,-0.012857551494537267,0.9110124134112697,1.138147323622546
2016-04-27,44.9238395690918,-0.009720393629020108,-0.012857551494537267,-0.017792703711173898,-1.0,-1.0,0.0,-0.0,-0.009720393629020108,0.9110124134112697,1.127084083629119
2016-04-28,44.006675720214844,-0.020415971957748136,-0.009720393629020108,-0.0168994348142969,-1.0,-1.0,0.0,-0.0,-0.020415971957748136,0.9110124134112697,1.1040735665837227
2016-04-29,43.980220794677734,-0.0006011570995569926,-0.020415971957748136,-0.02166617449066328,-1.0,-1.0,0.0,0.0,-0.0006011570995569926,0.9110124134112697,1.1034098449207377
2016-05-02,44.63282012939453,0.01483847336200217,-0.0006011570995569926,-0.007444353919984814,1.0,-1.0,0.0,-0.0,0.01483847336200217,0.9110124134112697,1.119782762511965
2016-05-03,43.900848388671875,-0.01639985415666334,0.01483847336200217,-0.005751320163772067,-1.0,-1.0,0.0,0.0,-0.01639985415666334,0.9110124134112697,1.1014184885196232
2016-05-04,43.980220794677734,0.0018079925313321255,-0.01639985415666334,-0.006459780696197281,1.0,-1.0,0.0,0.0,0.0018079925313321255,0.9110124134112697,1.103409844920738
2016-05-05,44.04195022583008,0.0014035725614141015,0.0018079925313321255,-0.004154103464126835,1.0,-1.0,0.0,0.0,0.0014035725614141015,0.9110124134112697,1.1049585607030628
2016-05-06,44.43881607055664,0.009011086990734718,0.0014035725614141015,0.0002098054397056126,1.0,1.0,1.0,-0.006350730241268865,0.009011086990734718,0.9052268193272475,1.114915438414715
2016-05-09,44.15659713745117,-0.006350730241268865,0.009011086990734718,0.002132254257763955,-1.0,1.0,1.0,0.018973620493206944,-0.006350730241268865,0.9224022494574354,1.1078349112235173
2016-05-10,44.994407653808594,0.018973620493206944,-0.006350730241268865,-0.002105586462890252,1.0,-1.0,0.0,0.0,0.018973620493206944,0.9224022494574354,1.128854550398198
2016-05-11,45.02085876464844,0.0005878755209616227,0.018973620493206944,0.004969108467083805,1.0,1.0,1.0,0.009010885321643514,0.0005878755209616227,0.9307139103477224,1.1295181763551032
2016-05-12,45.426536560058594,0.009010885321643514,0.0005878755209616227,0.004725085065009705,1.0,1.0,1.0,-0.008347879217627696,0.009010885321643514,0.9229444230379736,1.139696135110951
2016-05-13,45.04732131958008,-0.008347879217627696,0.009010885321643514,0.006246547617055587,-1.0,1.0,1.0,0.01468250389431347,-0.008347879217627696,0.9364955581234636,1.1301820894302477
2016-05-16,45.7087287902832,0.01468250389431347,-0.008347879217627696,0.002774754375383104,1.0,1.0,1.0,-0.018651141949825978,0.01468250389431347,0.9190288465335215,1.1467759923595906
2016-05-17,44.85620880126953,-0.018651141949825978,0.01468250389431347,0.006981401202499571,-1.0,1.0,1.0,0.005939133512592232,-0.018651141949825978,0.9244870815550077,1.1253873105414394
2016-05-18,45.122615814208984,0.005939133512592232,-0.018651141949825978,-0.0005435512861070135,1.0,-1.0,0.0,-0.0,0.005939133512592232,0.9244870815550077,1.132071136032122
2016-05-19,44.68745803833008,-0.009643895151616566,0.005939133512592232,0.0005267003122191083,-1.0,1.0,1.0,0.005961902587969803,-0.009643895151616566,0.9299987834790752,1.1211535606920568
2016-05-20,44.953880310058594,0.005961902587969803,-0.009643895151616566,-0.0032042557824329076,1.0,-1.0,0.0,-0.0,0.005961902587969803,0.9299987834790752,1.1278377690070585
2016-05-23,44.429927825927734,-0.011655333878121787,0.005961902587969803,-0.00034229942131340784,-1.0,-1.0,0.0,0.0,-0.011655333878121787,0.9299987834790752,1.1146924432489251
2016-05-24,45.8153076171875,0.031181229838759927,-0.011655333878121787,-0.005609866975800459,1.0,-1.0,0.0,0.0,0.031181229838759927,0.9299987834790752,1.1494499245213987
2016-05-25,46.285980224609375,0.010273260879411827,0.031181229838759927,0.0043566073819167215,1.0,1.0,1.0,-0.004412955372160243,0.010273260879411827,0.9258947403514187,1.1612585234638273
2016-05-26,46.081722259521484,-0.004412955372160243,0.010273260879411827,0.005223432855280641,-1.0,1.0,1.0,0.00828672272549924,-0.004412955372160243,0.933567373337709,1.1561339414242406
2016-05-27,46.46358871459961,0.00828672272549924,-0.004412955372160243,0.006269620811171906,1.0,1.0,1.0,0.012997129510134986,0.00828672272549924,0.9457010693954158,1.165714502830362
2016-05-31,47.067481994628906,0.012997129510134986,0.00828672272549924,0.006734584838677793,1.0,1.0,1.0,-0.0028303374700469064,0.012997129510134986,0.9430244162232425,1.1808654451954907
2016-06-01,46.93426513671875,-0.0028303374700469064,0.012997129510134986,0.011665077516329147,-1.0,1.0,1.0,-0.007000832931280843,-0.0028303374700469064,0.9364224598351449,1.1775231974788702
2016-06-02,46.60568618774414,-0.007000832931280843,-0.0028303374700469064,0.004862764054567781,-1.0,1.0,1.0,-0.013148050064002992,-0.007000832931280843,0.9241103304521756,1.1692795543006131
2016-06-03,45.99291229248047,-0.013148050064002992,-0.007000832931280843,0.001407945292429247,-1.0,1.0,1.0,0.006565110411863362,-0.013148050064002992,0.9301772168043376,1.1539058081818536
2016-06-06,46.29486083984375,0.006565110411863362,-0.013148050064002992,-0.00033907364593930287,1.0,-1.0,0.0,-0.0,0.006565110411863362,0.9301772168043376,1.161481327217458
2016-06-07,46.268226623535156,-0.0005753169104608657,0.006565110411863362,-0.0006833961086664786,-1.0,-1.0,0.0,-0.0,-0.0005753169104608657,0.9301772168043376,1.1608131073687253
2016-06-08,46.21493911743164,-0.0011517084183297888,-0.0005753169104608657,-0.003397885392785649,-1.0,-1.0,0.0,-0.0,-0.0011517084183297888,0.9301772168043376,1.1594761891408611
2016-06-09,45.84195327758789,-0.008070676862648174,-0.0011517084183297888,-0.0030621595824422256,-1.0,-1.0,0.0,-0.0,-0.008070676862648174,0.9301772168043376,1.1501184314883706
2016-06-10,45.71762466430664,-0.0027121142183536007,-0.008070676862648174,-0.0032761283687156918,-1.0,-1.0,0.0,-0.0,-0.0027121142183536007,0.9301772168043376,1.1469991789375404
2016-06-13,44.527610778808594,-0.026029652551636917,-0.0027121142183536007,-0.0011889411995858134,-1.0,-1.0,0.0,-0.0,-0.026029652551636917,0.9301772168043376,1.1171431888327834
2016-06-14,44.25231170654297,-0.006182659869921503,-0.026029652551636917,-0.007707893792285869,-1.0,-1.0,0.0,-0.0,-0.006182659869921503,0.9301772168043376,1.1102362724702308
2016-06-15,44.127986907958984,-0.002809453196670031,-0.006182659869921503,-0.008829362384177997,-1.0,-1.0,0.0,0.0,-0.002809453196670031,0.9301772168043376,1.1071171156254802
2016-06-16,44.74962615966797,0.01408718809234566,-0.002809453196670031,-0.009160911339846044,1.0,-1.0,0.0,-0.0,0.01408718809234566,0.9301772168043376,1.1227132826735515
2016-06-17,44.51873779296875,-0.005159559677111125,0.01408718809234566,-0.004729338348847279,-1.0,-1.0,0.0,-0.0,-0.005159559677111125,0.9301772168043376,1.116920576491312
2016-06-20,44.4654426574707,-0.001197139410059056,-0.005159559677111125,-0.005218827440598784,-1.0,-1.0,0.0,0.0,-0.001197139410059056,0.9301772168043376,1.1155834668512883
2016-06-21,45.46009063720703,0.022369011085718205,-0.001197139410059056,-0.00025232481228321113,1.0,-1.0,0.0,-0.0,0.022369011085718205,0.9301772168043376,1.1405379657883288
2016-06-22,45.28246307373047,-0.003907329725629349,0.022369011085718205,0.0054580093788447305,-1.0,1.0,1.0,0.018042671403103894,-0.003907329725629349,0.946960098673792,1.1360815078913953
2016-06-23,46.09947967529297,0.018042671403103894,-0.003907329725629349,0.005238434073052867,1.0,1.0,1.0,-0.04006917175119418,0.018042671403103894,0.9090161918385041,1.1565794532254225
2016-06-24,44.25231170654297,-0.04006917175119418,0.018042671403103894,0.0060295307352045135,-1.0,1.0,1.0,-0.02809522159345501,-0.04006917175119418,0.8834771804967627,1.1102362724702308
2016-06-27,43.009033203125,-0.02809522159345501,-0.04006917175119418,-0.0009523916796120968,-1.0,-1.0,0.0,0.0,-0.02809522159345501,0.8834771804967627,1.0790439383740882
2016-06-28,43.90596008300781,0.020854383674396182,-0.02809522159345501,-0.0063320081162912874,1.0,-1.0,0.0,0.0,0.020854383674396182,0.8834771804967627,1.101546734666473
2016-06-29,44.882850646972656,0.022249611718271334,0.020854383674396182,-0.006634933598555692,1.0,-1.0,0.0,0.0,0.022249611718271334,0.8834771804967627,1.1260557218023315
2016-06-30,45.442317962646484,0.012465057535545832,0.022249611718271334,-0.0014035453097755557,1.0,-1.0,0.0,-0.0,0.012465057535545832,0.8834771804967627,1.1400920711628282
2016-07-01,45.43344497680664,-0.00019525821387755826,0.012465057535545832,-0.002519068083287168,-1.0,-1.0,0.0,0.0,-0.00019525821387755826,0.8834771804967627,1.139869458821357
2016-07-05,45.442317962646484,0.00019529634709347654,-0.00019525821387755826,0.005455714624176156,1.0,1.0,1.0,0.004104116111984135,0.00019529634709347654,0.8871030734278098,1.1400920711628282
2016-07-06,45.62881851196289,0.004104116111984135,0.00019529634709347654,0.011113818212285853,1.0,1.0,1.0,0.0,0.004104116111984135,0.8871030734278098,1.144771141401233
2016-07-07,45.62881851196289,0.0,0.004104116111984135,0.007763764699803444,0.0,1.0,1.0,0.017905798197372924,0.0,0.9029873620408775,1.144771141401233
2016-07-08,46.445838928222656,0.017905798197372924,0.0,0.003313842356149177,1.0,1.0,1.0,0.005544660267694956,0.017905798197372924,0.9079941201894162,1.1652691824413397
2016-07-11,46.703365325927734,0.005544660267694956,0.017905798197372924,0.004401990488514596,1.0,1.0,1.0,0.011789505633705843,0.005544660267694956,0.9186989219847611,1.1717302041783917
2016-07-12,47.25397491455078,0.011789505633705843,0.005544660267694956,0.005549974184829098,1.0,1.0,1.0,0.005638173019466786,0.011789505633705843,0.9238787054597088,1.185544324021736
2016-07-13,47.52040100097656,0.005638173019466786,0.011789505633705843,0.007868816042151571,1.0,1.0,1.0,0.004298161029600012,0.005638173019466786,0.9278496849075931,1.1922286280428174
2016-07-14,47.72465133666992,0.004298161029600012,0.005638173019466786,0.008175627423648102,1.0,1.0,1.0,-0.0007443210152947577,0.004298161029600012,0.9271590668880818,1.1973530186702446
2016-07-15,47.68912887573242,-0.0007443210152947577,0.004298161029600012,0.009035259629568105,-1.0,1.0,1.0,0.004841770362228548,-0.0007443210152947577,0.931648158179212,1.1964618036557217
2016-07-18,47.92002868652344,0.004841770362228548,-0.0007443210152947577,0.005305235787034568,1.0,1.0,1.0,-0.016122897499655342,0.004841770362228548,0.9166272904191458,1.2022547969562005
2016-07-19,47.14741897583008,-0.016122897499655342,0.004841770362228548,0.005164657805941286,-1.0,1.0,1.0,0.05311732846859307,-0.016122897499655342,0.9653160832876161,1.1828709660964067
2016-07-20,49.651763916015625,0.05311732846859307,-0.016122897499655342,-0.0004178228207309509,1.0,-1.0,0.0,-0.0,0.05311732846859307,0.9653160832876161,1.2457019117385115
2016-07-21,49.55406188964844,-0.001967745325874959,0.05311732846859307,0.009078008269094306,-1.0,1.0,1.0,0.013799219417565345,-0.001967745325874959,0.9786366917282067,1.2432506876242546
2016-07-22,50.23786926269531,0.013799219417565345,-0.001967745325874959,0.007824826997999312,1.0,1.0,1.0,0.0028284172981989375,0.013799219417565345,0.9814046846757429,1.2604065766538206
2016-07-25,50.37996292114258,0.0028284172981989375,0.013799219417565345,0.010733535084571333,1.0,1.0,1.0,0.0005290454428608093,0.0028284172981989375,0.9819238923517729,1.2639715324179919
2016-07-26,50.4066162109375,0.0005290454428608093,0.0028284172981989375,0.01033086447176541,1.0,1.0,1.0,-0.010042310337562421,0.0005290454428608093,0.9720631078969092,1.2646402307971234
2016-07-27,49.90041732788086,-0.010042310337562421,0.0005290454428608093,0.01366125306026864,-1.0,1.0,1.0,0.00035578061316732246,-0.010042310337562421,0.972408949105474,1.251940321134092
2016-07-28,49.91817092895508,0.00035578061316732246,-0.010042310337562421,0.0010293252990375423,1.0,1.0,1.0,0.0083615389535594,0.00035578061316732246,0.9805397844122092,1.252385737229194
2016-07-29,50.33556365966797,0.0083615389535594,0.00035578061316732246,0.0014940304868459986,1.0,1.0,1.0,-0.001764130894601812,0.0083615389535594,0.9788099838851415,1.262857609355918
2016-08-01,50.24676513671875,-0.001764130894601812,0.0083615389535594,0.00040649439404480956,-1.0,1.0,1.0,0.0,-0.001764130894601812,0.9788099838851415,1.2606297632317702
2016-08-02,50.24676513671875,0.0,-0.001764130894601812,-0.0005120152445153403,0.0,-1.0,0.0,0.0,0.0,0.9788099838851415,1.2606297632317702
2016-08-03,50.59309768676758,0.006892633766700795,0.0,-0.0006178243330875021,1.0,-1.0,0.0,0.0,0.006892633766700795,0.9788099838851415,1.2693188225051295
2016-08-04,50.96607971191406,0.007372191903640468,0.006892633766700795,0.002769164487765141,1.0,1.0,1.0,0.009932149002144453,0.007372191903640468,0.9885316704898753,1.2786764844515404
2016-08-05,51.47228240966797,0.009932149002144453,0.007372191903640468,0.0041724467458597704,1.0,1.0,1.0,0.0017254681078917589,0.009932149002144453,0.9902373503609466,1.2913764898206512
2016-08-08,51.56109619140625,0.0017254681078917589,0.009932149002144453,0.004486568755576781,1.0,1.0,1.0,0.002411435207161139,0.0017254681078917589,0.992625243571053,1.293604718769118
2016-08-09,51.68543243408203,0.002411435207161139,0.0017254681078917589,0.005184488556075495,1.0,1.0,1.0,-0.00309291605167783,0.002411435207161139,0.9895551370219114,1.2967241627321076
2016-08-10,51.52557373046875,-0.00309291605167783,0.002411435207161139,0.005666775597507723,-1.0,1.0,1.0,0.004825825194415989,-0.00309291605167783,0.9943305571334156,1.292713503754595
2016-08-11,51.774227142333984,0.004825825194415989,-0.00309291605167783,0.0036696656338319976,1.0,1.0,1.0,-0.006174854775935934,0.004825825194415989,0.9881907103438412,1.2989519131501757
2016-08-12,51.45452880859375,-0.006174854775935934,0.004825825194415989,0.0031603922919871017,-1.0,1.0,1.0,0.0031065731865138613,-0.006174854775935934,0.9912605971077575,1.2909310737255493
2016-08-15,51.614376068115234,0.0031065731865138613,-0.006174854775935934,-6.100846362897538e-05,1.0,-1.0,0.0,-0.0,0.0031065731865138613,0.9912605971077575,1.2949414455848227
2016-08-16,51.328426361083984,-0.005540117479166717,0.0031065731865138613,0.0002152125520954451,-1.0,1.0,1.0,0.002088895055746498,-0.005540117479166717,0.9933312364680122,1.2877673178476408
2016-08-17,51.435646057128906,0.002088895055746498,-0.005540117479166717,-0.001375097985170126,1.0,-1.0,0.0,0.0,0.002088895055746498,0.9933312364680122,1.2904573286308447
2016-08-18,51.47140121459961,0.0006951435475504031,0.002088895055746498,-0.0003387357636852606,1.0,-1.0,0.0,0.0,0.0006951435475504031,0.9933312364680122,1.2913543817162316
2016-08-19,51.4892692565918,0.00034714504696875537,0.0006951435475504031,-0.0011648720930583778,1.0,-1.0,0.0,0.0,0.00034714504696875537,0.9933312364680122,1.2918026689937259
2016-08-22,51.53395080566406,0.0008677837094481777,0.00034714504696875537,0.0001395278715225601,1.0,1.0,1.0,0.003814700907136981,0.0008677837094481777,0.9971204980368543,1.2929236743057002
2016-08-23,51.73053741455078,0.003814700907136981,0.0008677837094481777,-0.00030823002389057663,1.0,-1.0,0.0,0.0,0.003814700907136981,0.9971204980368543,1.297855791418933
2016-08-24,51.78415298461914,0.001036439456228777,0.003814700907136981,0.001562733653370163,1.0,1.0,1.0,0.003796416991500129,0.001036439456228777,1.0009059832381746,1.2992009403696547
2016-08-25,51.98074722290039,0.003796416991500129,0.001036439456228777,0.0013522425334666188,1.0,1.0,1.0,-0.0024066445523082125,0.003796416991500129,0.9984971583062417,1.304133248895047
2016-08-26,51.855648040771484,-0.0024066445523082125,0.003796416991500129,0.001972497222256564,-1.0,1.0,1.0,0.0012061516677606132,-0.0024066445523082125,0.999701497318987,1.3009946637161098
2016-08-29,51.91819381713867,0.0012061516677606132,-0.0024066445523082125,0.0014217393024011705,1.0,1.0,1.0,-0.0036144632313064307,0.0012061516677606132,0.9960881130146456,1.3025638605994987
2016-08-30,51.73053741455078,-0.0036144632313064307,0.0012061516677606132,0.0014894128940636576,-1.0,1.0,1.0,-0.007427852973817983,-0.0036144632313064307,0.9886893169622051,1.2978557914189333
2016-08-31,51.346290588378906,-0.007427852973817983,-0.0036144632313064307,3.5800663749752102e-06,-1.0,1.0,1.0,0.002262460919745024,-0.007427852973817983,0.9909261879036014,1.2882155094190553
2016-09-01,51.462459564208984,0.002262460919745024,-0.007427852973817983,-0.001689278419634377,1.0,-1.0,0.0,0.0,0.002262460919745024,0.9909261879036014,1.2911300466653253
2016-09-02,51.53395080566406,0.0013891920841031524,0.002262460919745024,-0.0019960696339853977,1.0,-1.0,0.0,-0.0,0.0013891920841031524,0.9909261879036014,1.2929236743057004
2016-09-06,51.48033905029297,-0.0010403191397698741,0.0013891920841031524,-0.001236902306703125,-1.0,-1.0,0.0,0.0,-0.0010403191397698741,0.9909261879036014,1.2915786210610587
2016-09-07,51.52501678466797,0.0008678601423226517,-0.0010403191397698741,-0.0016861964682092223,1.0,-1.0,0.0,-0.0,0.0008678601423226517,0.9909261879036014,1.2926995306669535
2016-09-08,51.319496154785156,-0.00398875425391354,0.0008678601423226517,-0.0007897317934834058,-1.0,-1.0,0.0,-0.0,-0.00398875425391354,0.9909261879036014,1.2875432699149736
2016-09-09,50.22929382324219,-0.021243434040248532,-0.00398875425391354,-0.0001019120495025172,-1.0,-1.0,0.0,0.0,-0.021243434040248532,0.9909261879036014,1.260191429386569
2016-09-12,50.97992706298828,0.014944132847807712,-0.021243434040248532,-0.0048030910415012285,1.0,-1.0,0.0,-0.0,0.014944132847807712,0.9909261879036014,1.2790238975209907
2016-09-13,50.5152473449707,-0.009114954547570164,0.014944132847807712,-0.0020921028887603164,-1.0,-1.0,0.0,-0.0,-0.009114954547570164,0.9909261879036014,1.2673656528298307
2016-09-14,50.27397918701172,-0.004776145236137452,-0.009114954547570164,-0.0037070299703203745,-1.0,-1.0,0.0,0.0,-0.004776145236137452,0.9909261879036014,1.2613125304046233
2016-09-15,51.10502243041992,0.016530285782966336,-0.004776145236137452,-0.004835831046012396,1.0,-1.0,0.0,0.0,0.016530285782966336,0.9909261879036014,1.282162386993848
2016-09-16,51.15863037109375,0.0010489759738745441,0.016530285782966336,-0.0007320230386364202,1.0,-1.0,0.0,-0.0,0.0010489759738745441,0.9909261879036014,1.2835073445324103
2016-09-19,50.87269973754883,-0.005589098681314186,0.0010489759738745441,0.003726458964188195,-1.0,1.0,1.0,-0.0021081326424401414,-0.005589098681314186,0.988837184060633,1.2763336953256272
2016-09-20,50.76545333862305,-0.0021081326424401414,-0.005589098681314186,-0.0003801873416361845,-1.0,-1.0,0.0,0.0,-0.0021081326424401414,0.988837184060633,1.273643014599865
2016-09-21,51.6143798828125,0.01672252463750934,-0.0021081326424401414,0.00102117703938982,1.0,1.0,1.0,0.0010386980429255566,0.01672252463750934,0.9898642873084889,1.2949415412909029
2016-09-22,51.667991638183594,0.0010386980429255566,0.01672252463750934,0.005320911014119178,1.0,1.0,1.0,-0.006744900901874629,0.0010386980429255566,0.9831877507842883,1.2962865945355448
2016-09-23,51.319496154785156,-0.006744900901874629,0.0010386980429255566,0.0022225934661110223,-1.0,1.0,1.0,-0.009229026652448402,-0.006744900901874629,0.9741138848279394,1.287543269914974
2016-09-26,50.84586715698242,-0.009229026652448402,-0.006744900901874629,0.000663818090961188,-1.0,1.0,1.0,0.018453531822750557,-0.009229026652448402,0.9920897264005949,1.2756604987607483
2016-09-27,51.78415298461914,0.018453531822750557,-0.009229026652448402,-6.416750326565523e-05,1.0,-1.0,0.0,0.0,0.018453531822750557,0.9920897264005949,1.2992009403696556
2016-09-28,51.855648040771484,0.0013806358129209162,0.018453531822750557,0.0040481653897724845,1.0,1.0,1.0,-0.01085632133893133,0.0013806358129209162,0.9813192815337376,1.3009946637161105
2016-09-29,51.292686462402344,-0.01085632133893133,0.0013806358129209162,0.0009797876248547998,-1.0,1.0,1.0,0.0034842150903573454,-0.01085632133893133,0.9847384089829161,1.2868706475865734
2016-09-30,51.47140121459961,0.0034842150903573454,-0.01085632133893133,-0.0013992162515165773,1.0,-1.0,0.0,-0.0,0.0034842150903573454,0.9847384089829161,1.2913543817162325
2016-10-03,51.310546875,-0.003125120665142922,0.0034842150903573454,0.0006466069469298174,-1.0,1.0,1.0,-0.003134694625252177,-0.003125120665142922,0.981651554784998,1.2873187434519082
2016-10-04,51.14970397949219,-0.003134694625252177,-0.003125120665142922,0.0018673881443909135,-1.0,1.0,1.0,0.006988058697903199,-0.003134694625252177,0.9885113934707235,1.2832833923058231
2016-10-05,51.50714111328125,0.006988058697903199,-0.003134694625252177,-0.0024502571452096333,1.0,-1.0,0.0,0.0,0.006988058697903199,0.9885113934707235,1.2922510519773005
2016-10-06,51.59651184082031,0.0017351133378282757,0.006988058697903199,-0.0013287725682131768,1.0,-1.0,0.0,0.0,0.0017351133378282757,0.9885113934707235,1.2944932540134089
2016-10-07,51.650123596191406,0.001039057747479033,0.0017351133378282757,0.0011895143671387443,1.0,1.0,1.0,0.004152064621481655,0.001039057747479033,0.9926157566554848,1.2958383072580508
2016-10-10,51.86457824707031,0.004152064621481655,0.001039057747479033,0.0007004828985630818,1.0,1.0,1.0,-0.014644982034406007,0.004152064621481655,0.9780789167321969,1.3012187116487777
2016-10-11,51.10502243041992,-0.014644982034406007,0.004152064621481655,0.0021559199558879973,-1.0,1.0,1.0,-0.001398684394681604,-0.014644982034406007,0.9767108930145966,1.2821623869938483
2016-10-12,51.03354263305664,-0.001398684394681604,-0.014644982034406007,-0.00014613752594276884,-1.0,-1.0,0.0,-0.0,-0.001398684394681604,0.9767108930145966,1.2803690464717123
2016-10-13,50.86375427246094,-0.0033269953805974417,-0.001398684394681604,-0.0018234861444597294,-1.0,-1.0,0.0,0.0,-0.0033269953805974417,0.9767108930145966,1.276109264568641
2016-10-14,51.310546875,0.008784105871260328,-0.0033269953805974417,-0.002835907888144873,1.0,-1.0,0.0,-0.0,0.008784105871260328,0.9767108930145966,1.287318743451908
2016-10-17,51.13182830810547,-0.0034830766339309926,0.008784105871260328,-0.001286898263388614,-1.0,-1.0,0.0,0.0,-0.0034830766339309926,0.9767108930145966,1.2828349136161692
2016-10-18,51.52501678466797,0.0076897011034549045,-0.0034830766339309926,-0.0028139265144711432,1.0,-1.0,0.0,-0.0,0.0076897011034549045,0.9767108930145966,1.292699530666954
2016-10-19,51.40885543823242,-0.00225446498971571,0.0076897011034549045,0.0016530101131010388,-1.0,1.0,1.0,-0.004867353396718177,-0.00225446498971571,0.9719568959318703,1.2897851848328434
2016-10-20,51.15863037109375,-0.004867353396718177,-0.00225446498971571,0.0014818539940942177,-1.0,1.0,1.0,0.04209611743497543,-0.004867353396718177,1.0128725075647524,1.2835073445324106
2016-10-21,53.31221008300781,0.04209611743497543,-0.004867353396718177,0.0011737823908700706,1.0,1.0,1.0,0.022460844983025918,0.04209611743497543,1.035622479944733,1.3375380204365004
2016-10-24,54.509647369384766,0.022460844983025918,0.04209611743497543,0.007836184703613091,1.0,1.0,1.0,-0.00016403794231201196,0.022460844983025918,1.035452598564111,1.367580254572428
2016-10-25,54.50070571899414,-0.00016403794231201196,0.022460844983025918,0.013024969027004474,-1.0,1.0,1.0,-0.005902345154518818,-0.00016403794231201196,1.0293409999362422,1.3673559195215215
2016-10-26,54.17902374267578,-0.005902345154518818,-0.00016403794231201196,0.01145422121785109,-1.0,1.0,1.0,-0.008741855249274288,-0.005902345154518818,1.0203426499126562,1.359285312935431
2016-10-27,53.70539855957031,-0.008741855249274288,-0.005902345154518818,0.010724645184890469,-1.0,1.0,1.0,-0.003826957154956623,-0.008741855249274288,1.0164378423080656,1.347402637487285
2016-10-28,53.49987030029297,-0.003826957154956623,-0.008741855249274288,0.009949744814379246,-1.0,1.0,1.0,0.0008352424691633331,-0.003826957154956623,1.017286814361226,1.3422461853231455
2016-10-31,53.5445556640625,0.0008352424691633331,-0.003826957154956623,0.0007651298963928354,1.0,1.0,1.0,-0.0020027950218517443,0.0008352424691633331,1.0152493973936279,1.3433672863411998
2016-11-01,53.43731689453125,-0.0020027950218517443,0.0008352424691633331,-0.0035599906063796816,-1.0,-1.0,0.0,-0.0,-0.0020027950218517443,1.0152493973936279,1.3406767970275972
2016-11-02,53.106685638427734,-0.006187272777113395,-0.0020027950218517443,-0.003927742022287628,-1.0,-1.0,0.0,-0.0,-0.006187272777113395,1.0152493973936279,1.3323816639784407
2016-11-03,52.910099029541016,-0.0037017299521412417,-0.006187272777113395,-0.003984727546806543,-1.0,-1.0,0.0,-0.0,-0.0037017299521412417,1.0152493973936279,1.3274495468652079
2016-11-04,52.463294982910156,-0.008444589120526813,-0.0037017299521412417,-0.002976702487379934,-1.0,-1.0,0.0,0.0,-0.008444589120526813,1.0152493973936279,1.3162397808637016
2016-11-07,53.99136734008789,0.029126503733238662,-0.008444589120526813,-0.0039002288804939724,1.0,-1.0,0.0,0.0,0.029126503733238662,1.0152493973936279,1.3545772437548655
2016-11-08,54.03602600097656,0.0008271444693623842,0.029126503733238662,0.0017580233723210937,1.0,1.0,1.0,-0.004960883064294097,0.0008271444693623842,1.010212863852063,1.3556976748303615
2016-11-09,53.76795959472656,-0.004960883064294097,0.0008271444693623842,0.0023240112705639193,-1.0,1.0,1.0,-0.02443088119232506,-0.004960883064294097,0.9855324733963349,1.3489722171949927
2016-11-10,52.45436096191406,-0.02443088119232506,-0.004960883064294097,0.002569289213127779,-1.0,1.0,1.0,0.005451327346101875,-0.02443088119232506,0.9909049335190317,1.3160156372249545
2016-11-11,52.74030685424805,0.005451327346101875,-0.02443088119232506,-0.0015765410349089849,1.0,-1.0,0.0,-0.0,0.005451327346101875,0.9909049335190317,1.3231896692560565
2016-11-14,51.936065673828125,-0.015249080416663174,0.005451327346101875,0.001202642258416753,-1.0,1.0,1.0,0.019747070966089186,-0.015249080416663174,1.01047240356188,1.3030122435830729
2016-11-15,52.96165084838867,0.019747070966089186,-0.015249080416663174,-0.0076724745715636145,1.0,-1.0,0.0,0.0,0.019747070966089186,1.01047240356188,1.328742918826791
2016-11-16,53.66338348388672,0.013249825567312357,0.019747070966089186,-0.003888489272218254,1.0,-1.0,0.0,0.0,0.013249825567312357,1.01047240356188,1.3463485307250473
2016-11-17,54.55402374267578,0.016596796567188044,0.013249825567312357,-0.00024634754589696327,1.0,-1.0,0.0,-0.0,0.016596796567188044,1.01047240356188,1.3686936033980235
2016-11-18,54.29311752319336,-0.004782529345829456,0.016596796567188044,0.007959188006005657,-1.0,1.0,1.0,0.00845080120554087,-0.004782529345829456,1.0190117049680665,1.3621477860743234
2016-11-21,54.75193786621094,0.00845080120554087,-0.004782529345829456,0.005912416667619391,1.0,1.0,1.0,0.004272031030401413,0.00845080120554087,1.0233649545920322,1.3736590262270052
2016-11-22,54.98583984375,0.004272031030401413,0.00845080120554087,0.0106523929920602,1.0,1.0,1.0,-0.011780043690225672,0.004272031030401413,1.0113096707158924,1.3795273402122379
2016-11-23,54.338104248046875,-0.011780043690225672,0.004272031030401413,0.007557385004922645,-1.0,1.0,1.0,0.0021522129947415536,-0.011780043690225672,1.0134862245309149,1.3632764478726769
2016-11-25,54.45505142211914,0.0021522129947415536,-0.011780043690225672,0.0025514111534150397,1.0,1.0,1.0,0.0013220255039119166,0.0021522129947415536,1.014826079167608,1.3662105091592136
2016-11-28,54.527042388916016,0.0013220255039119166,0.0021522129947415536,-0.00033750556107425833,1.0,-1.0,0.0,0.0,0.0013220255039119166,1.014826079167608,1.3680166742960345
2016-11-29,54.958858489990234,0.0079193017291177,0.0013220255039119166,0.0008834054088740162,1.0,1.0,1.0,-0.013586740181167234,0.0079193017291177,1.0010379009008852,1.3788504111102489
2016-11-30,54.2121467590332,-0.013586740181167234,0.0079193017291177,0.0007771055135893823,-1.0,1.0,1.0,-0.017590398799160356,-0.013586740181167234,0.9834292450109643,1.3601163288257982
2016-12-01,53.2585334777832,-0.017590398799160356,-0.013586740181167234,-0.002794648728724347,-1.0,-1.0,0.0,0.0,-0.017590398799160356,0.9834292450109643,1.3361913401885026
2016-12-02,53.303524017333984,0.0008447573865237867,-0.017590398799160356,-0.003956719750511284,1.0,-1.0,0.0,0.0,0.0008447573865237867,0.9834292450109643,1.337320097692936
2016-12-05,54.17616271972656,0.016371125896081473,0.0008447573865237867,-0.004218210872154837,1.0,-1.0,0.0,-0.0,0.016371125896081473,0.9834292450109643,1.359213533375627
2016-12-06,53.93326187133789,-0.004483537338096255,0.016371125896081473,-0.001208390793720926,-1.0,-1.0,0.0,0.0,-0.004483537338096255,0.9834292450109643,1.3531194487482916
2016-12-07,55.21074676513672,0.02368640147978396,-0.004483537338096255,-0.003688958607163717,1.0,-1.0,0.0,-0.0,0.02368640147978396,0.9834292450109643,1.3851699792614476
2016-12-08,54.88688659667969,-0.005865890020193221,0.02368640147978396,0.0037656697250265216,-1.0,1.0,1.0,0.015734972409465753,-0.005865890020193221,0.9989034770478735,1.3770447245038266
2016-12-09,55.75053024291992,0.015734972409465753,-0.005865890020193221,0.0061105714808199485,1.0,1.0,1.0,0.0032275795267864282,0.015734972409465753,1.002127517459629,1.3987124852504946
2016-12-12,55.93046951293945,0.0032275795267864282,0.015734972409465753,0.009088614485408342,1.0,1.0,1.0,0.013028653912875887,0.0032275795267864282,1.0151838900611798,1.4032269410317497
2016-12-13,56.6591682434082,0.013028653912875887,0.0032275795267864282,0.006459905211549333,1.0,1.0,1.0,-0.004763526703710497,0.013028653912875887,1.0103480344916966,1.421509099207676
2016-12-14,56.3892707824707,-0.004763526703710497,0.013028653912875887,0.009962343461743762,-1.0,1.0,1.0,-0.0015955098152773406,-0.004763526703710497,1.008736014285819,1.4147377026540329
2016-12-15,56.29930114746094,-0.0015955098152773406,-0.004763526703710497,0.00427235782504487,-1.0,1.0,1.0,-0.004474024638236207,-0.0015955098152773406,1.0042229045044282,1.4124804747634054
2016-12-16,56.04741668701172,-0.004474024638236207,-0.0015955098152773406,0.005126433866028046,-1.0,1.0,1.0,0.02118782556589771,-0.004474024638236207,1.025500204234347,1.4061610023182864
2016-12-19,57.23493957519531,0.02118782556589771,-0.004474024638236207,0.0010846344564876542,1.0,1.0,1.0,-0.0012574817732792232,0.02118782556589771,1.0242106564190283,1.4359544963529742
2016-12-20,57.162967681884766,-0.0012574817732792232,0.02118782556589771,0.004676683664309911,-1.0,1.0,1.0,0.0,-0.0012574817732792232,1.0242106564190283,1.434148809746552
2016-12-21,57.162967681884766,0.0,-0.0012574817732792232,0.0018194565270788887,0.0,1.0,1.0,0.00015729136921494025,0.0,1.024371755915541,1.434148809746552
2016-12-22,57.171958923339844,0.00015729136921494025,0.0,0.0027721618678209882,1.0,1.0,1.0,-0.004877734367650044,0.00015729136921494025,1.0193751425964617,1.434374388976495
2016-12-23,56.893089294433594,-0.004877734367650044,0.00015729136921494025,0.003122722104719444,-1.0,1.0,1.0,0.000632351140679388,-0.004877734367650044,1.0200197456306628,1.4273778917233073
2016-12-27,56.9290657043457,0.000632351140679388,-0.004877734367650044,0.003041980158836677,1.0,1.0,1.0,-0.004582871453447601,0.000632351140679388,1.0153451262564592,1.428280495761319
2016-12-28,56.66816711425781,-0.004582871453447601,0.000632351140679388,-0.0010691147262069877,-1.0,-1.0,0.0,-0.0,-0.004582871453447601,1.0153451262564592,1.4217348698497785
2016-12-29,56.58720397949219,-0.0014287233713132785,-0.004582871453447601,-0.0017341926622406634,-1.0,-1.0,0.0,-0.0,-0.0014287233713132785,1.0153451262564592,1.419703604013413
2016-12-30,55.90346908569336,-0.01208285346713045,-0.0014287233713132785,-0.002019937336503319,-1.0,-1.0,0.0,0.0,-0.01208285346713045,1.0153451262564592,1.4025495333993618
2017-01-03,56.29930114746094,0.007080635034666827,-0.01208285346713045,-0.004467966303772397,1.0,-1.0,0.0,-0.0,0.007080635034666827,1.0153451262564592,1.412480474763405
2017-01-04,56.04741668701172,-0.004474024638236207,0.007080635034666827,-0.002076292423309023,-1.0,-1.0,0.0,0.0,-0.004474024638236207,1.0153451262564592,1.406161002318286
2017-01-05,56.04741668701172,0.0,-0.004474024638236207,-0.003097567579092142,0.0,-1.0,0.0,0.0,0.0,1.0153451262564592,1.406161002318286
2017-01-06,56.5332145690918,0.008667623073387087,0.0,-0.0021809932884026217,1.0,-1.0,0.0,-0.0,0.008667623073387087,1.0153451262564592,1.418349075866877
2017-01-09,56.353294372558594,-0.0031825573320850564,0.008667623073387087,-0.00016172399946254857,-1.0,-1.0,0.0,-0.0,-0.0031825573320850564,1.0153451262564592,1.4138350986160209
2017-01-10,56.335304260253906,-0.0003192379878583784,-0.0031825573320850564,0.00161833522754653,-1.0,1.0,1.0,0.009102474667797678,-0.0003192379878583784,1.0245872795472806,1.413383748743975
2017-01-11,56.84809494018555,0.009102474667797678,-0.0003192379878583784,0.0001383606230414891,1.0,1.0,1.0,-0.009178730897271725,0.009102474667797678,1.0151828686275484,1.426249038512794
2017-01-12,56.32630157470703,-0.009178730897271725,0.009102474667797678,0.002853660484248266,-1.0,1.0,1.0,0.0014377334564483757,-0.009178730897271725,1.0166424310021873,1.4131578823957924
2017-01-13,56.407283782958984,0.0014377334564483757,-0.009178730897271725,0.001017914304793921,1.0,1.0,1.0,-0.002711669593031818,0.0014377334564483757,1.0138856326350527,1.4151896267625566
2017-01-17,56.25432586669922,-0.002711669593031818,0.0014377334564483757,-0.00042806361859382136,-1.0,-1.0,0.0,-0.0,-0.002711669593031818,1.0138856326350527,1.4113521000832905
2017-01-18,56.22733688354492,-0.0004797672488023874,-0.002711669593031818,-0.0003338860707831737,-1.0,-1.0,0.0,-0.0,-0.0004797672488023874,1.0138856326350527,1.410674979569142
2017-01-19,56.04741668701172,-0.003199870499039359,-0.0004797672488023874,-0.00036599192297197546,-1.0,-1.0,0.0,0.0,-0.003199870499039359,1.0138856326350527,1.4061610023182858
2017-01-20,56.44325637817383,0.007062585834644475,-0.003199870499039359,-0.002826460956339383,1.0,-1.0,0.0,0.0,0.007062585834644475,1.0138856326350527,1.4160921350944884
2017-01-23,56.641178131103516,0.003506561556328336,0.007062585834644475,0.0004218023900438572,1.0,1.0,1.0,0.00889451173867184,0.003506561556328336,1.022903650296196,1.4210577493356296
2017-01-24,57.14497375488281,0.00889451173867184,0.003506561556328336,0.0008355680100198493,1.0,1.0,1.0,0.0025189897179025422,0.00889451173867184,1.025480334073697,1.4336973641684259
2017-01-25,57.28892135620117,0.0025189897179025422,0.00889451173867184,0.0031568042763605807,1.0,1.0,1.0,0.00926498142522414,0.0025189897179025422,1.0349813903208225,1.43730883308735
2017-01-26,57.8197021484375,0.00926498142522414,0.0025189897179025422,0.0037565556697015667,1.0,1.0,1.0,0.02349448653989472,0.00926498142522414,1.0592977466647566,1.4506254727282148
2017-01-27,59.17814636230469,0.02349448653989472,0.00926498142522414,0.0062495260545542665,1.0,1.0,1.0,-0.009881393879120681,0.02349448653989472,1.048830408394697,1.4847071733716564
2017-01-30,58.5933837890625,-0.009881393879120681,0.02349448653989472,0.009535906195604316,-1.0,1.0,1.0,-0.007369642414431721,-0.009881393879120681,1.0411009033314458,1.470036196996415
2017-01-31,58.16157150268555,-0.007369642414431721,-0.009881393879120681,0.006858315108514512,-1.0,1.0,1.0,-0.016550786999448452,-0.007369642414431721,1.0238698640354738,1.4592025558882804
2017-02-01,57.198951721191406,-0.016550786999448452,-0.007369642414431721,0.0036054842778938,-1.0,1.0,1.0,-0.006448490439273091,-0.016550786999448452,1.0172674490061813,1.4350516051967226
2017-02-02,56.83010482788086,-0.006448490439273091,-0.016550786999448452,-0.00020847106557639883,-1.0,-1.0,0.0,0.0,-0.006448490439273091,1.0172674490061813,1.425797688640748
2017-02-03,57.28892135620117,0.008073476719951733,-0.006448490439273091,-0.0033511654384758447,1.0,-1.0,0.0,-0.0,0.008073476719951733,1.0172674490061813,1.43730883308735
2017-02-06,57.2529296875,-0.0006282483218245094,0.008073476719951733,-0.006435367402464443,-1.0,-1.0,0.0,-0.0,-0.0006282483218245094,1.0172674490061813,1.4364058462250193
2017-02-07,57.06400680541992,-0.003299794143483359,-0.0006282483218245094,-0.004584738291005208,-1.0,-1.0,0.0,-0.0,-0.003299794143483359,1.0172674490061813,1.4316660026259806
2017-02-08,56.983028411865234,-0.0014190800486690858,-0.003299794143483359,-0.003770768636815536,-1.0,-1.0,0.0,0.0,-0.0014190800486690858,1.0172674490061813,1.4296343539652963
2017-02-09,57.63077163696289,0.011367300811319758,-0.0014190800486690858,-0.0007444272466596624,1.0,-1.0,0.0,-0.0,0.011367300811319758,1.0172674490061813,1.4458854377170165
2017-02-10,57.57678985595703,-0.000936683293881746,0.011367300811319758,0.0028187310034589073,-1.0,1.0,1.0,0.01125014161809701,-0.000936683293881746,1.028711851870981,1.44453110098264
2017-02-13,58.22453689575195,0.01125014161809701,-0.000936683293881746,0.0010166990006922117,1.0,1.0,1.0,0.0037308658406325357,0.01125014161809701,1.0325498377789804,1.4607822804404402
2017-02-14,58.44176483154297,0.0037308658406325357,0.01125014161809701,0.0033923769886765156,1.0,1.0,1.0,-0.0006195105820709923,0.0037308658406325357,1.0319101622279605,1.4662322631511369
2017-02-15,58.40555953979492,-0.0006195105820709923,0.0037308658406325357,0.004798508985499694,-1.0,1.0,1.0,-0.00015505529576209653,-0.0006195105820709923,1.0317501590925564,1.4653239167483407
2017-02-16,58.39650344848633,-0.00015505529576209653,-0.0006195105820709923,0.004958422878819313,-1.0,1.0,1.0,0.0015497482312365474,-0.00015505529576209653,1.0333491120766882,1.465096710515042
2017-02-17,58.487003326416016,0.0015497482312365474,-0.00015505529576209653,0.002653951657402942,1.0,1.0,1.0,-0.002011607474737387,0.0015497482312365474,1.0312704192788216,1.4673672415507533
2017-02-21,58.36935043334961,-0.002011607474737387,0.0015497482312365474,0.0031512379624266005,-1.0,1.0,1.0,-0.0020159236137093917,-0.002011607474737387,1.0291914568884775,1.464415474639465
2017-02-22,58.25168228149414,-0.0020159236137093917,-0.002011607474737387,0.0004988881438597215,-1.0,1.0,1.0,0.004039729595871844,-0.0020159236137093917,1.0333491120766882,1.461463324903858
2017-02-23,58.487003326416016,0.004039729595871844,-0.0020159236137093917,-0.000650469747008664,1.0,-1.0,0.0,0.0,0.004039729595871844,1.0333491120766882,1.4673672415507535
2017-02-24,58.487003326416016,0.0,0.004039729595871844,0.00028137828857990323,0.0,1.0,1.0,-0.006035018093183742,0.0,1.0271128314887301,1.4673672415507535
2017-02-27,58.134033203125,-0.006035018093183742,0.0,0.00031238934773232253,-1.0,1.0,1.0,-0.0038923879857380994,-0.006035018093183742,1.023114909843446,1.4585116536986495
2017-02-28,57.907752990722656,-0.0038923879857380994,-0.006035018093183742,-0.0012045639171517353,-1.0,-1.0,0.0,0.0,-0.0038923879857380994,1.023114909843446,1.452834560460734
2017-03-01,58.77664566040039,0.01500477267382383,-0.0038923879857380994,-0.0015807200193518778,1.0,-1.0,0.0,-0.0,0.01500477267382383,1.023114909843446,1.4746340127731221
2017-03-02,57.93490219116211,-0.014321053196905909,0.01500477267382383,0.0018234192381547665,-1.0,1.0,1.0,0.003749451761858369,-0.014321053196905909,1.0269510298447422,1.4535157006302315
2017-03-03,58.15212631225586,0.003749451761858369,-0.014321053196905909,-0.001848737320400784,1.0,-1.0,0.0,0.0,0.003749451761858369,1.0269510298447422,1.4589655876348484
2017-03-06,58.17023468017578,0.00031139648828459876,0.003749451761858369,-0.00109884696802911,1.0,-1.0,0.0,0.0,0.00031139648828459876,1.0269510298447422,1.459419904395366
2017-03-07,58.287899017333984,0.002022758508799738,0.00031139648828459876,0.0001704359482645579,1.0,1.0,1.0,0.009161559004970066,0.002022758508799738,1.0363595022998795,1.4623719584248933
2017-03-08,58.82190704345703,0.009161559004970066,0.002022758508799738,0.0013534652471721253,1.0,1.0,1.0,-0.004000568100385182,0.009161559004970066,1.0322134755344476,1.4757695654092167
2017-03-09,58.586585998535156,-0.004000568100385182,0.009161559004970066,0.00018482251340137256,-1.0,1.0,1.0,0.0030895053444686127,-0.004000568100385182,1.0354025045837438,1.4698656487623212
2017-03-10,58.7675895690918,0.0030895053444686127,-0.004000568100385182,0.002248919532705518,1.0,1.0,1.0,-0.0033883197188860903,0.0030895053444686127,1.0318942298604787,1.4744068065398233
2017-03-13,58.56846618652344,-0.0033883197188860903,0.0030895053444686127,0.0021169302492275665,-1.0,1.0,1.0,-0.004635854586210741,-0.0033883197188860903,1.0271105182624956,1.4694110448835644
2017-03-14,58.29695129394531,-0.004635854586210741,-0.0033883197188860903,0.0013769870077934288,-1.0,1.0,1.0,0.005278495315725662,-0.004635854586210741,1.0325321163218768,1.4625990689521122
2017-03-15,58.604671478271484,0.005278495315725662,-0.004635854586210741,4.5264388791332874e-05,1.0,1.0,1.0,-0.001698902086154086,0.005278495315725662,1.0307779453554364,1.4703193912863606
2017-03-16,58.50510787963867,-0.001698902086154086,0.005278495315725662,-0.0007313483490575479,-1.0,-1.0,0.0,0.0,-0.001698902086154086,1.0307779453554364,1.4678214626051913
2017-03-17,58.71330261230469,0.00355857360513423,-0.001698902086154086,-0.00027101514621132863,1.0,-1.0,0.0,0.0,0.00355857360513423,1.0307779453554364,1.4730448133190677
2017-03-20,58.7675895690918,0.0009246108525964303,0.00355857360513423,-0.00017720149407820517,1.0,-1.0,0.0,-0.0,0.0009246108525964303,1.0307779453554364,1.4744068065398233
2017-03-21,58.11593246459961,-0.011088715893750378,0.0009246108525964303,0.000685384620218299,-1.0,1.0,1.0,0.012770546900594315,-0.011088715893750378,1.0439415434506962,1.4580575283502915
2017-03-22,58.85810470581055,0.012770546900594315,-0.011088715893750378,-0.0006051876412896285,1.0,-1.0,0.0,-0.0,0.012770546900594315,1.0439415434506962,1.4766777203998536
2017-03-23,58.71330261230469,-0.0024601895393951967,0.012770546900594315,0.0008932226756841021,-1.0,1.0,1.0,0.001695498897432035,-0.0024601895393951967,1.0457115451866004,1.473044813319068
2017-03-24,58.81285095214844,0.001695498897432035,-0.0024601895393951967,0.0007409651850358801,1.0,1.0,1.0,0.001846480828589181,0.001695498897432035,1.0476424315070219,1.4755423591759183
2017-03-27,58.92144775390625,0.001846480828589181,0.001695498897432035,0.0003683502434954411,1.0,1.0,1.0,0.002918961557704769,0.001846480828589181,1.0507004594908111,1.4782669198539078
2017-03-28,59.09343719482422,0.002918961557704769,0.001846480828589181,0.0005527242386939912,1.0,1.0,1.0,0.002756441002156773,0.002918961557704769,1.0535966533183365,1.482581924164988
2017-03-29,59.256324768066406,0.002756441002156773,0.002918961557704769,0.003354259728985021,1.0,1.0,1.0,0.0036659673265013737,0.002756441002156773,1.0574591042247128,1.4866685737698129
2017-03-30,59.47355651855469,0.0036659673265013737,0.002756441002156773,0.0013514385492975124,1.0,1.0,1.0,0.0022829729332400905,0.0036659673265013737,1.0598732547376661,1.4921186521865895
2017-03-31,59.60933303833008,0.0022829729332400905,0.0036659673265013737,0.0025766699224768264,1.0,1.0,1.0,-0.004707021764496111,0.0022829729332400905,1.0548844082600086,1.495525118682714
2017-04-03,59.32875061035156,-0.004707021764496111,0.0022829729332400905,0.0026941647296384375,-1.0,1.0,1.0,0.0027459583161122403,-0.004707021764496111,1.0577810768734073,1.4884856493997238
2017-04-04,59.49166488647461,0.0027459583161122403,-0.004707021764496111,0.001383464211021379,1.0,1.0,1.0,-0.002586598867113432,0.0027459583161122403,1.0550450215383125,1.4925729689471068
2017-04-05,59.33778381347656,-0.002586598867113432,0.0027459583161122403,0.0013488635627028733,-1.0,1.0,1.0,0.00259330671131508,-0.002586598867113432,1.0577810768734073,1.488712281396544
2017-04-06,59.49166488647461,0.00259330671131508,-0.002586598867113432,0.0002802555888488323,1.0,1.0,1.0,-0.0007608020912343028,0.00259330671131508,1.056976314818054,1.492572968947107
2017-04-07,59.44640350341797,-0.0007608020912343028,0.00259330671131508,6.572346581157351e-05,-1.0,1.0,1.0,-0.00228356652201378,-0.0007608020912343028,1.054562639090974,1.4914374163110122
2017-04-10,59.31065368652344,-0.00228356652201378,-0.0007608020912343028,-0.0005430315390833051,-1.0,-1.0,0.0,-0.0,-0.00228356652201378,1.054562639090974,1.4880316197574457
2017-04-11,59.26539993286133,-0.0007629953616982155,-0.00228356652201378,-5.834049058683899e-05,-1.0,-1.0,0.0,-0.0,-0.0007629953616982155,1.054562639090974,1.4868962585335104
2017-04-12,59.039127349853516,-0.003817954207077756,-0.0007629953616982155,-0.0007601312261489301,-1.0,-1.0,0.0,-0.0,-0.003817954207077756,1.054562639090974,1.4812193567077543
2017-04-13,58.785709381103516,-0.004292373212908429,-0.003817954207077756,-0.001006402294141795,-1.0,-1.0,0.0,0.0,-0.004292373212908429,1.054562639090974,1.4748614104185804
2017-04-17,59.26539993286133,0.008159985765384015,-0.004292373212908429,-0.002383538278986497,1.0,-1.0,0.0,-0.0,0.008159985765384015,1.054562639090974,1.4868962585335102
2017-04-18,59.18394088745117,-0.0013744789624711151,0.008159985765384015,-0.0005993807076628332,-1.0,-1.0,0.0,-0.0,-0.0013744789624711151,1.054562639090974,1.484852550906779
2017-04-19,58.86713790893555,-0.005352853726285023,-0.0013744789624711151,-0.0004175631957543002,-1.0,-1.0,0.0,0.0,-0.005352853726285023,1.054562639090974,1.4769043523966738
2017-04-20,59.28349685668945,0.007072858687269479,-0.005352853726285023,-0.0013355348686716617,1.0,-1.0,0.0,0.0,0.007072858687269479,1.054562639090974,1.4873502881757887
2017-04-21,60.098079681396484,0.013740465186731221,0.007072858687269479,0.0008426277101977852,1.0,1.0,1.0,0.01701834623336751,0.013740465186731221,1.0725095512077978,1.507787173030943
2017-04-24,61.120849609375,0.01701834623336751,0.013740465186731221,0.004449195390125715,1.0,1.0,1.0,0.005774767226813582,0.01701834623336751,1.078703044214557,1.533447217187814
2017-04-25,61.47380828857422,0.005774767226813582,0.01701834623336751,0.006220867483722414,1.0,1.0,1.0,-0.0013249775519562634,0.005774767226813582,1.0772737868957458,1.5423025179216787
2017-04-26,61.392356872558594,-0.0013249775519562634,0.005774767226813582,0.007650716721579354,-1.0,1.0,1.0,0.006486724754216633,-0.0013249775519562634,1.0842617654362712,1.540259001707107
2017-04-27,61.790592193603516,0.006486724754216633,-0.0013249775519562634,0.008456291956445105,1.0,1.0,1.0,0.0027829922312172517,0.006486724754216633,1.0872792575060861,1.5502502379013854
2017-04-28,61.962554931640625,0.0027829922312172517,0.006486724754216633,0.008339065169834537,1.0,1.0,1.0,0.013877020610336244,0.0027829922312172517,1.1023674541716892,1.5545645722699077
2017-05-01,62.822410583496094,0.013877020610336244,0.0027829922312172517,0.006147570578731743,1.0,1.0,1.0,-0.001584963504305592,0.013877020610336244,1.100620241988493,1.5761372968793959
2017-05-02,62.72283935546875,-0.001584963504305592,0.013877020610336244,0.005519305454125489,-1.0,1.0,1.0,-0.003174472656573113,-0.001584963504305592,1.0971263531250297,1.5736391767860671
2017-05-03,62.52372741699219,-0.003174472656573113,-0.001584963504305592,0.004047359307901654,-1.0,1.0,1.0,-0.0039086723668139145,-0.003174472656573113,1.0928380456656666,1.5686437022480475
2017-05-04,62.27934265136719,-0.0039086723668139145,-0.003174472656573113,0.0036774602869782845,-1.0,1.0,1.0,0.002761274607445907,-0.0039086723668139145,1.095855671611214,1.562512387955694
2017-05-05,62.45131301879883,0.002761274607445907,-0.0039086723668139145,0.0015983808627721753,1.0,1.0,1.0,-0.000869390626988098,0.002761274607445907,1.0949029449617835,1.5668269137363757
2017-05-08,62.39701843261719,-0.000869390626988098,0.002761274607445907,0.0015940373380179062,-1.0,1.0,1.0,0.0014505101300947842,-0.000869390626988098,1.0964911127749213,1.5654647291034607
2017-05-09,62.487525939941406,0.0014505101300947842,-0.000869390626988098,-0.001355244909446962,1.0,-1.0,0.0,0.0,0.0014505101300947842,1.0964911127749213,1.5677354515513313
2017-05-10,62.731876373291016,0.003910387388107894,0.0014505101300947842,-0.0007481501825668868,1.0,-1.0,0.0,-0.0,0.003910387388107894,1.0964911127749213,1.5738659044889673
2017-05-11,61.962554931640625,-0.012263644675196472,0.003910387388107894,0.0006688218263693147,-1.0,1.0,1.0,-0.0011682490399622658,-0.012263644675196472,1.095210138085095,1.554564572269908
2017-05-12,61.890167236328125,-0.0011682490399622658,-0.012263644675196472,-0.001002172635307197,-1.0,-1.0,0.0,0.0,-0.0011682490399622658,1.095210138085095,1.5527484537007943
2017-05-15,61.93540954589844,0.0007310096512997966,-0.0011682490399622658,-0.0017880773647888314,1.0,-1.0,0.0,0.0,0.0007310096512997966,1.095210138085095,1.5538835278064904
2017-05-16,63.1824951171875,0.020135259949559003,0.0007310096512997966,-0.0014679973091312527,1.0,-1.0,0.0,-0.0,0.020135259949559003,1.095210138085095,1.5851713765702118
2017-05-17,61.425662994384766,-0.02780567813196133,0.020135259949559003,0.002268952654761591,-1.0,1.0,1.0,0.0034081320580841012,-0.02780567813196133,1.0989427588670415,1.5410946114893025
2017-05-18,61.635009765625,0.0034081320580841012,-0.02780567813196133,-0.004074260449252254,1.0,-1.0,0.0,-0.0,0.0034081320580841012,1.0989427588670415,1.5463468654392598
2017-05-19,61.616817474365234,-0.00029516165129106486,0.0034081320580841012,-0.0009399051025961392,-1.0,-1.0,0.0,0.0,-0.00029516165129106486,1.0989427588670415,1.545890443144988
2017-05-22,62.30862045288086,0.011227502601922623,-0.00029516165129106486,-0.0007652876248618989,1.0,-1.0,0.0,0.0,0.011227502601922623,1.0989427588670415,1.5632469321176856
2017-05-23,62.518001556396484,0.0033603874069714212,0.011227502601922623,0.0013340109652626663,1.0,1.0,1.0,0.0013102915487170907,0.0033603874069714212,1.100382694276509,1.5685000474223605
2017-05-24,62.599918365478516,0.0013102915487170907,0.0033603874069714212,-0.00202096354325485,1.0,-1.0,0.0,0.0,0.0013102915487170907,1.100382694276509,1.5705552397786604
2017-05-25,63.373653411865234,0.012360000884815925,0.0013102915487170907,0.0038022303928808344,1.0,1.0,1.0,0.004883457995573659,0.012360000884815925,1.1057563669430643,1.5899673039319768
2017-05-26,63.683135986328125,0.004883457995573659,0.012360000884815925,0.005592604158227199,1.0,1.0,1.0,0.006432671752359731,0.004883457995573659,1.112869334689691,1.5977318424750642
2017-05-30,64.09278869628906,0.006432671752359731,0.004883457995573659,0.0066283280876001435,1.0,1.0,1.0,-0.008095865021896853,0.006432671752359731,1.1038596947690351,1.608009526965999
2017-05-31,63.57390213012695,-0.008095865021896853,0.006432671752359731,0.005669361917687565,-1.0,1.0,1.0,0.0037226567888652973,-0.008095865021896853,1.1079689855557218,1.594991298881758
2017-06-01,63.81056594848633,0.0037226567888652973,-0.008095865021896853,0.0033781114319139105,1.0,1.0,1.0,0.023680863858362544,0.0037226567888652973,1.1342066482619548,1.6009289040687213
2017-06-02,65.3216552734375,0.023680863858362544,0.0037226567888652973,0.0038605844799435517,1.0,1.0,1.0,0.0072465731665156685,0.023680863858362544,1.1424257597245335,1.6388402834928903
2017-06-05,65.79501342773438,0.0072465731665156685,0.023680863858362544,0.006124757074652876,1.0,1.0,1.0,0.0033199658065901083,0.0072465731665156685,1.1462185741833868,1.6507162595154548
2017-06-06,66.0134506225586,0.0033199658065901083,0.0072465731665156685,0.006597380108841278,1.0,1.0,1.0,-0.0017925423995219791,0.0033199658065901083,1.1441639287900434,1.6561965810534285
2017-06-07,65.8951187133789,-0.0017925423995219791,0.0033199658065901083,0.005974838919687353,-1.0,1.0,1.0,-0.006078380179240339,-0.0017925423995219791,1.1372092654434842,1.653227778459947
2017-06-08,65.49458312988281,-0.006078380179240339,-0.0017925423995219791,0.0072355034441623275,-1.0,1.0,1.0,-0.022654302996584774,-0.006078380179240339,1.111446582173604,1.6431788314995865
2017-06-09,64.01084899902344,-0.022654302996584774,-0.006078380179240339,0.0052752960505412,-1.0,1.0,1.0,-0.00767881640470891,-0.022654302996584774,1.1029119879254516,1.6059537603732208
2017-06-12,63.51932144165039,-0.00767881640470891,-0.022654302996584774,-0.003991737320448263,-1.0,-1.0,0.0,0.0,-0.00767881640470891,1.1029119879254516,1.593621936292863
2017-06-13,64.31126403808594,0.012467743333231862,-0.00767881640470891,-0.006976815234693179,1.0,-1.0,0.0,-0.0,0.012467743333231862,1.1029119879254516,1.6134908055647703
2017-06-14,63.96533203125,-0.005379026707219903,0.012467743333231862,-0.0051472597293648285,-1.0,-1.0,0.0,-0.0,-0.005379026707219903,1.1029119879254516,1.6048117954297836
2017-06-15,63.62852478027344,-0.005265465530797431,-0.005379026707219903,-0.005864556590904413,-1.0,-1.0,0.0,0.0,-0.005265465530797431,1.1029119879254516,1.5963617142375308
2017-06-16,63.719581604003906,0.0014310692263401759,-0.005265465530797431,-0.005701973661215831,1.0,-1.0,0.0,0.0,0.0014310692263401759,1.1029119879254516,1.5986462183608838
2017-06-19,64.51151275634766,0.012428379666165057,0.0014310692263401759,-0.0008848992166308412,1.0,-1.0,0.0,-0.0,0.012428379666165057,1.1029119879254516,1.618514800514552
2017-06-20,63.63763427734375,-0.01354608567783,0.012428379666165057,0.003136539997543952,-1.0,1.0,1.0,0.0051494333129682435,-0.01354608567783,1.108591359657347,1.5965902603559459
2017-06-21,63.96533203125,0.0051494333129682435,-0.01354608567783,-0.00206622580466842,1.0,-1.0,0.0,-0.0,0.0051494333129682435,1.108591359657347,1.6048117954297834
2017-06-22,63.95625686645508,-0.00014187630247097793,0.0051494333129682435,3.946619936920914e-05,-1.0,1.0,1.0,0.013520958711716435,-0.00014187630247097793,1.1235805776594394,1.6045841106660859
2017-06-23,64.82100677490234,0.013520958711716435,-0.00014187630247097793,0.0010641840450344997,1.0,1.0,1.0,-0.009549306579785699,0.013520958711716435,1.1128511622562767,1.6262796261758783
2017-06-26,64.20201110839844,-0.009549306579785699,0.013520958711716435,0.0034821619421097514,-1.0,1.0,1.0,-0.0187151979195459,-0.009549306579785699,1.0920239324996537,1.6107497834410656
2017-06-27,63.000457763671875,-0.0187151979195459,-0.009549306579785699,-0.0009133753070803996,-1.0,-1.0,0.0,0.0,-0.0187151979195459,1.0920239324996537,1.5806042824451003
2017-06-28,63.53750991821289,0.008524575433334292,-0.0187151979195459,-0.0019471977554235797,1.0,-1.0,0.0,-0.0,0.008524575433334292,1.0920239324996537,1.5940782628810548
2017-06-29,62.34503936767578,-0.01876797740534819,0.008524575433334292,-0.0012721693313503702,-1.0,-1.0,0.0,0.0,-0.01876797740534819,1.0920239324996537,1.5641606380609465
2017-06-30,62.74555969238281,0.006424253296962279,-0.01876797740534819,-0.004997389551925813,1.0,-1.0,0.0,-0.0,0.006424253296962279,1.0920239324996537,1.5742092021969882
2017-07-03,62.05375671386719,-0.011025528848690902,0.006424253296962279,-0.006416730634876644,-1.0,-1.0,0.0,0.0,-0.011025528848690902,1.0920239324996537,1.5568527132242906
2017-07-05,62.882110595703125,0.013348972337895892,-0.011025528848690902,-0.006711975088657685,1.0,-1.0,0.0,-0.0,0.013348972337895892,1.0920239324996537,1.5776350970272999
2017-07-06,62.417850494384766,-0.007383023516867815,0.013348972337895892,-0.00029914103716932594,-1.0,-1.0,0.0,0.0,-0.007383023516867815,1.0920239324996537,1.5659873800049113
2017-07-07,63.2280158996582,0.012979706908464061,-0.007383023516867815,-0.0034806608272097473,1.0,-1.0,0.0,0.0,0.012979706908464061,1.0920239324996537,1.5863134372197285
2017-07-10,63.70135498046875,0.007486223853073737,0.012979706908464061,0.0028688760355527034,1.0,1.0,1.0,0.00014276365524779067,0.007486223853073737,1.0921798338278754,1.5981889347118943
2017-07-11,63.71044921875,0.00014276365524779067,0.007486223853073737,0.0030812701467749946,1.0,1.0,1.0,0.016573907487028583,0.00014276365524779067,1.110281521352937,1.5984170980059904
2017-07-12,64.7663803100586,0.016573907487028583,0.00014276365524779067,0.0053149286475627335,1.0,1.0,1.0,0.008714393432770251,0.016573907487028583,1.1199569513511412,1.6249091151140265
2017-07-13,65.33078002929688,0.008714393432770251,0.016573907487028583,0.005959915677389271,1.0,1.0,1.0,0.01407222858808499,0.008714393432770251,1.1357172415793693,1.6390692124356248
2017-07-14,66.25012969970703,0.01407222858808499,0.008714393432770251,0.009179399067316884,1.0,1.0,1.0,0.007832177141641639,0.01407222858808499,1.1446123801982355,1.6621345690647114
2017-07-17,66.76901245117188,0.007832177141641639,0.01407222858808499,0.00939790340324107,1.0,1.0,1.0,-0.0006820507640477036,0.007832177141641639,1.1438316964497828,1.6751527014428724
2017-07-18,66.72347259521484,-0.0006820507640477036,0.007832177141641639,0.00946709406095465,-1.0,1.0,1.0,0.007639860093882955,-0.0006820507640477036,1.152570410581608,1.6740101622629568
2017-07-19,67.23323059082031,0.007639860093882955,-0.0006820507640477036,0.009302131177095552,1.0,1.0,1.0,0.0048742713954914585,0.007639860093882955,1.1581883515651956,1.6867993656983842
2017-07-20,67.56094360351562,0.0048742713954914585,0.007639860093882955,0.007515321698466426,1.0,1.0,1.0,-0.005793786986124094,0.0048742713954914585,1.1514780549664168,1.695021283596541
2017-07-21,67.16950988769531,-0.005793786986124094,0.0048742713954914585,0.006747297291010668,-1.0,1.0,1.0,-0.002574840056419503,-0.005793786986124094,1.1485131831464013,1.685200691342436
2017-07-24,66.9965591430664,-0.002574840056419503,-0.005793786986124094,0.0027740941761688507,-1.0,1.0,1.0,0.008016286291449015,-0.002574840056419503,1.1577199936320062,1.6808615690992617
2017-07-25,67.53362274169922,0.008016286291449015,-0.002574840056419503,0.0006926907365566226,1.0,1.0,1.0,-0.001886741935254288,0.008016286291449015,1.1555356747707384,1.6943358366534556
2017-07-26,67.40620422363281,-0.001886741935254288,0.008016286291449015,0.0024323581476559664,-1.0,1.0,1.0,-0.01201869912460185,-0.001886741935254288,1.141647639167925,1.6911390621780373
2017-07-27,66.5960693359375,-0.01201869912460185,-0.001886741935254288,0.0005270377418285177,-1.0,1.0,1.0,-0.0016407603266398452,-0.01201869912460185,1.1397744690145764,1.6708137706118582
2017-07-28,66.48680114746094,-0.0016407603266398452,-0.01201869912460185,-0.002851556362190144,-1.0,-1.0,0.0,-0.0,-0.0016407603266398452,1.1397744690145764,1.6680723656638348
2017-07-31,66.17732238769531,-0.004654739804359598,-0.0016407603266398452,-0.0020209510302932943,-1.0,-1.0,0.0,-0.0,-0.004654739804359598,1.1397744690145764,1.660307922826827
2017-08-01,66.06807708740234,-0.001650796622640005,-0.004654739804359598,-0.002436930979881313,-1.0,-1.0,0.0,-0.0,-0.001650796622640005,1.1397744690145764,1.6575670921152819
2017-08-02,65.77680969238281,-0.004408595010782723,-0.001650796622640005,-0.0043703475626991175,-1.0,-1.0,0.0,-0.0,-0.004408595010782723,1.1397744690145764,1.650259550102945
2017-08-03,65.6766586303711,-0.0015225892298530441,-0.004408595010782723,-0.004874718177804804,-1.0,-1.0,0.0,0.0,-0.0015225892298530441,1.1397744690145764,1.647746882685496
2017-08-04,66.15911102294922,0.007345872988048452,-0.0015225892298530441,-0.0027754961988550432,1.0,-1.0,0.0,-0.0,0.007345872988048452,1.1397744690145764,1.6598510220021563
2017-08-07,65.90422821044922,-0.003852573115917246,0.007345872988048452,-0.0009781695359173837,-1.0,-1.0,0.0,0.0,-0.003852573115917246,1.1397744690145764,1.6534563245783631
2017-08-08,66.25923156738281,0.005386655250706696,-0.003852573115917246,-0.0008177361982289133,1.0,-1.0,0.0,-0.0,0.005386655250706696,1.1397744690145764,1.6623629237709674
2017-08-09,65.96794128417969,-0.0043962218744854065,0.005386655250706696,0.0005897541764404268,-1.0,1.0,1.0,-0.014625949077956002,-0.0043962218744854065,1.123104185670415,1.655054807522152
2017-08-10,65.00309753417969,-0.014625949077956002,-0.0043962218744854065,0.0005922288036998902,-1.0,1.0,1.0,0.015263460955675878,-0.014625949077956002,1.1402466425575515,1.6308480601861068
2017-08-11,65.99526977539062,0.015263460955675878,-0.014625949077956002,-0.0020284431659207012,1.0,-1.0,0.0,0.0,0.015263460955675878,1.1402466425575515,1.6557404458773972
2017-08-14,66.98743438720703,0.015033874627577992,0.015263460955675878,-0.0004449255723952161,1.0,-1.0,0.0,0.0,0.015033874627577992,1.1402466425575515,1.6806326401565281
2017-08-15,67.00579071044922,0.00027402636643891753,0.015033874627577992,0.0033323639763038317,1.0,1.0,1.0,0.005872304309563647,0.00027402636643891753,1.1469425178306076,1.681093177812229
2017-08-16,67.3992691040039,0.005872304309563647,0.00027402636643891753,0.002309838199450276,1.0,1.0,1.0,-0.016972077811159614,0.005872304309563647,1.1274765201730592,1.6909650685250737
2017-08-17,66.25536346435547,-0.016972077811159614,0.005872304309563647,0.004363543436260086,-1.0,1.0,1.0,0.0012431739719258594,-0.016972077811159614,1.128878169636896,1.6622658778061132
2017-08-18,66.33773040771484,0.0012431739719258594,-0.016972077811159614,0.0038943176896193642,1.0,1.0,1.0,-0.004690501538869518,0.0012431739719258594,1.1235831648450179,1.6643323634798224
2017-08-21,66.02657318115234,-0.004690501538869518,0.0012431739719258594,0.0010902602928693605,-1.0,1.0,1.0,0.013999157637850201,-0.004690501538869518,1.139312382688918,1.65652580996773
2017-08-22,66.95088958740234,0.013999157637850201,-0.004690501538869518,-0.0028546149404201416,1.0,-1.0,0.0,-0.0,0.013999157637850201,1.139312382688918,1.6797157759126358
2017-08-23,66.54817199707031,-0.0060151193331986486,0.013999157637850201,-0.00010958868613788474,-1.0,-1.0,0.0,-0.0,-0.0060151193331986486,1.139312382688918,1.669612085074665
2017-08-24,66.52078247070312,-0.0004115744361602447,-0.0060151193331986486,-0.002487073414690344,-1.0,-1.0,0.0,0.0,-0.0004115744361602447,1.139312382688918,1.668924915422144
2017-08-25,66.63972473144531,0.001788046627301254,-0.0004115744361602447,0.0008250272603095299,1.0,1.0,1.0,0.00013727013549091893,0.001788046627301254,1.139468776254056,1.6719090309883835
2017-08-28,66.64887237548828,0.00013727013549091893,0.001788046627301254,0.0009340017913846088,1.0,1.0,1.0,0.0030206732044377738,0.00013727013549091893,1.1429107390537803,1.6721385341675958
2017-08-29,66.8501968383789,0.0030206732044377738,0.00013727013549091893,0.0018995561262566962,1.0,1.0,1.0,0.013141350865634172,0.0030206732044377738,1.1579301300837872,1.6771895182318637
2017-08-30,67.72869873046875,0.013141350865634172,0.0030206732044377738,-0.0002961407604257893,1.0,-1.0,0.0,0.0,0.013141350865634172,1.1579301300837872,1.6992300541591125
2017-08-31,68.42420959472656,0.010269071712504685,0.013141350865634172,0.0035351532793407746,1.0,1.0,1.0,-0.011100074951234884,0.010269071712504685,1.145077018851564,1.7166795694413157
2017-09-01,67.6646957397461,-0.011100074951234884,0.010269071712504685,0.00567128250907376,-1.0,1.0,1.0,-0.004463889568851909,-0.011100074951234884,1.1399655214915805,1.6976242975532634
2017-09-05,67.3626480102539,-0.004463889568851909,-0.011100074951234884,0.003093658193366533,-1.0,1.0,1.0,-0.0028525293517976946,-0.004463889568851909,1.1367137363814883,1.6900462901595859
2017-09-06,67.17049407958984,-0.0028525293517976946,-0.004463889568851909,0.0021734262524979674,-1.0,1.0,1.0,0.01280631646068664,-0.0028525293517976946,1.1512708522147992,1.685225383511009
2017-09-07,68.03070068359375,0.01280631646068664,-0.0028525293517976946,0.000998785741250874,1.0,1.0,1.0,-0.004842927827097276,0.01280631646068664,1.1456953305680821,1.706806913079833
2017-09-08,67.70123291015625,-0.004842927827097276,0.01280631646068664,0.0009317788602613674,-1.0,1.0,1.0,0.010543811535524528,-0.004842927827097276,1.1577753262107224,1.6985409703849965
2017-09-11,68.4150619506836,0.010543811535524528,-0.004842927827097276,-0.0020906210476590247,1.0,-1.0,0.0,-0.0,0.010543811535524528,1.1577753262107224,1.716450066262103
2017-09-12,68.34185028076172,-0.0010701104089425595,0.010543811535524528,0.0022381562496928574,-1.0,1.0,1.0,0.007097131932148226,-0.0010701104089425595,1.1659922104486258,1.7146132751797658
2017-09-13,68.8268814086914,0.007097131932148226,-0.0010701104089425595,0.0029169120816747275,1.0,1.0,1.0,-0.005850502096321875,0.007097131932148226,1.1591705705771012,1.7267821118063293
2017-09-14,68.42420959472656,-0.005850502096321875,0.007097131932148226,0.004906844338463912,-1.0,1.0,1.0,0.007222056580711733,-0.005850502096321875,1.167542166024505,1.7166795694413153
2017-09-15,68.91837310791016,0.007222056580711733,-0.005850502096321875,0.0011754806270622086,1.0,1.0,1.0,-0.0019916378002249324,0.007222056580711733,1.165216844913294,1.7290775264227722
2017-09-18,68.78111267089844,-0.0019916378002249324,0.007222056580711733,0.0035884775086240106,-1.0,1.0,1.0,0.003725120844859209,-0.0019916378002249324,1.1695574184710615,1.7256338302616292
2017-09-19,69.0373306274414,0.003725120844859209,-0.0019916378002249324,0.0010813876414741187,1.0,1.0,1.0,-0.006627574453845653,0.003725120844859209,1.161806089602097,1.732062024813331
2017-09-20,68.57978057861328,-0.006627574453845653,0.003725120844859209,0.0020404338922344724,-1.0,1.0,1.0,-0.009741137086018092,-0.006627574453845653,1.1504887772159123,1.720582654785202
2017-09-21,67.91173553466797,-0.009741137086018092,-0.006627574453845653,-0.0007045073849643035,-1.0,-1.0,0.0,0.0,-0.009741137086018092,1.1504887772159123,1.7038222232771143
2017-09-22,68.09479522705078,0.0026955531461769766,-0.009741137086018092,-0.001482634382903547,1.0,-1.0,0.0,-0.0,0.0026955531461769766,1.1504887772159123,1.708414966631595
2017-09-25,67.04236602783203,-0.015455354490891748,0.0026955531461769766,-0.0023879350698104984,-1.0,-1.0,0.0,0.0,-0.015455354490891748,1.1504887772159123,1.6820108077047589
2017-09-26,67.04236602783203,0.0,-0.015455354490891748,-0.005080678407943862,0.0,-1.0,0.0,0.0,0.0,1.1504887772159123,1.6820108077047589
2017-09-27,67.58228302001953,0.008053370192265596,0.0,-0.005825702576915703,1.0,-1.0,0.0,0.0,0.008053370192265596,1.1504887772159123,1.695556663406597
2017-09-28,67.60061645507812,0.0002712757580733971,0.008053370192265596,-0.0028895136476934534,1.0,-1.0,0.0,0.0,0.0002712757580733971,1.1504887772159123,1.696016626825819
2017-09-29,68.16796875,0.00839270889340038,0.0002712757580733971,-0.0008870310788751557,1.0,-1.0,0.0,0.0,0.00839270889340038,1.1504887772159123,1.710250800653135
2017-10-02,68.27780151367188,0.0016112078104406624,0.00839270889340038,0.00025240007056952506,1.0,1.0,1.0,-0.0046908654836775865,0.0016112078104406624,1.1450919891215117,1.7130063701009597
2017-10-03,67.95751953125,-0.0046908654836775865,0.0016112078104406624,0.0036657125308360073,-1.0,1.0,1.0,0.005790288625275641,-0.0046908654836775865,1.1517224022410162,1.7049708876461334
2017-10-04,68.35101318359375,0.005790288625275641,-0.0046908654836775865,0.00272753943410049,1.0,1.0,1.0,0.01713736412400446,0.005790288625275641,1.1714598884179936,1.7148431611832968
2017-10-05,69.52236938476562,0.01713736412400446,0.005790288625275641,0.002274923120702499,1.0,1.0,1.0,0.00039517424319912564,0.01713736412400446,1.1719228191928373,1.744231052852054
2017-10-06,69.54984283447266,0.00039517424319912564,0.01713736412400446,0.005648140793888712,1.0,1.0,1.0,0.003815473763434607,0.00039517424319912564,1.176394259962238,1.7449203280383292
2017-10-09,69.8152084350586,0.003815473763434607,0.00039517424319912564,0.004048633863848461,1.0,1.0,1.0,0.0,0.003815473763434607,1.176394259962238,1.751578025769243
2017-10-10,69.8152084350586,0.0,0.003815473763434607,0.00448948705444725,0.0,1.0,1.0,0.0017040004834540934,0.0,1.1783988363499462,1.751578025769243
2017-10-11,69.93417358398438,0.0017040004834540934,0.0,0.005427660151182767,1.0,1.0,1.0,0.0091601817592315,0.0017040004834540934,1.1891931838757785,1.7545627155719614
2017-10-12,70.57478332519531,0.0091601817592315,0.0017040004834540934,0.004610402522818457,1.0,1.0,1.0,0.004797857990235688,0.0091601817592315,1.1948987638949709,1.7706348289545715
2017-10-13,70.91339111328125,0.004797857990235688,0.0091601817592315,0.003014966049863865,1.0,1.0,1.0,0.00206428138004644,0.004797857990235688,1.1973653711643197,1.7791300834164607
2017-10-16,71.05977630615234,0.00206428138004644,0.004797857990235688,0.003895502799271178,1.0,1.0,1.0,-0.000772390051178129,0.00206428138004644,1.1964405380640073,1.7828027085203377
2017-10-17,71.00489044189453,-0.000772390051178129,0.00206428138004644,0.003545264322593544,-1.0,1.0,1.0,0.00025755491738088665,-0.000772390051178129,1.1967486872079396,1.7814256894450633
2017-10-18,71.02317810058594,0.00025755491738088665,-0.000772390051178129,0.0033907863123579184,1.0,1.0,1.0,0.0038658738982613183,0.00025755491738088665,1.2013751667205952,1.7818845043913285
2017-10-19,71.29774475097656,0.0038658738982613183,0.00025755491738088665,0.0031014971991432773,1.0,1.0,1.0,0.01155135429781784,0.0038658738982613183,1.2152526769159848,1.7887730451865713
2017-10-20,72.12133026123047,0.01155135429781784,0.0038658738982613183,0.002042635626949241,1.0,1.0,1.0,0.0002538853180977796,0.01155135429781784,1.215561211728433,1.809435796389908
2017-10-23,72.13964080810547,0.0002538853180977796,0.01155135429781784,0.0033933348884656713,1.0,1.0,1.0,0.0003807313150554492,0.0002538853180977796,1.2160240139471046,1.809895185572652
2017-10-24,72.16710662841797,0.0003807313150554492,0.0002538853180977796,0.003031255676075939,1.0,1.0,1.0,-0.0029168777071191254,0.0003807313150554492,1.2124770206095008,1.8105842693467675
2017-10-25,71.95660400390625,-0.0029168777071191254,0.0003807313150554492,0.003261879949322655,-1.0,1.0,1.0,0.0016535022651762432,-0.0029168777071191254,1.2144818541095528,1.8053030164546493
2017-10-26,72.0755844116211,0.0016535022651762432,-0.0029168777071191254,0.002626993424422652,1.0,1.0,1.0,0.06411867949615391,0.0016535022651762432,1.2923528268670978,1.8082880890816866
2017-10-27,76.69697570800781,0.06411867949615391,0.0016535022651762432,0.002184519097805637,1.0,1.0,1.0,0.0009546569293052976,0.06411867949615391,1.2935865804483737,1.9242331335022278
2017-10-30,76.77019500732422,0.0009546569293052976,0.06411867949615391,0.012697984137472852,1.0,1.0,1.0,-0.008463468490640835,0.0009546569293052976,1.2826383511848332,1.9260701159967246
2017-10-31,76.12045288085938,-0.008463468490640835,0.0009546569293052976,0.012838138459714354,-1.0,1.0,1.0,0.0,-0.008463468490640835,1.2826383511848332,1.9097688822592214
2017-11-01,76.12045288085938,0.0,-0.008463468490640835,0.011069298498575098,0.0,1.0,1.0,0.010459484868591273,0.0,1.2960540876109259,1.9097688822592214
2017-11-02,76.91663360595703,0.010459484868591273,0.0,0.011652674039998923,1.0,1.0,1.0,0.0010703640100591105,0.010459484868591273,1.2974413372613947,1.9297440809857183
2017-11-03,76.99896240234375,0.0010703640100591105,0.010459484868591273,0.01341387056068193,1.0,1.0,1.0,0.003922156139545718,0.0010703640100591105,1.3025301047680349,1.93180960959863
2017-11-06,77.30096435546875,0.003922156139545718,0.0010703640100591105,0.0008042074634629692,1.0,1.0,1.0,-0.002367747625540928,0.003922156139545718,1.2994460422052747,1.9393864685193505
2017-11-07,77.11793518066406,-0.002367747625540928,0.003922156139545718,0.0013977073055110533,-1.0,1.0,1.0,0.003441431847757803,-0.002367747625540928,1.3039179971993629,1.9347944908135075
2017-11-08,77.38333129882812,0.003441431847757803,-0.002367747625540928,0.002616851478531035,1.0,1.0,1.0,-0.005558235073039097,0.003441431847757803,1.2966705144549624,1.9414529541930594
2017-11-09,76.95321655273438,-0.005558235073039097,0.003441431847757803,0.0033051378480825956,-1.0,1.0,1.0,-0.0026161929534506134,-0.005558235073039097,1.2932781741920982,1.9306619022904081
2017-11-10,76.75189208984375,-0.0026161929534506134,-0.005558235073039097,0.00010159385975652135,-1.0,1.0,1.0,0.0007150082345728226,-0.0026161929534506134,1.294202878736239,1.9256109182261405
2017-11-13,76.80677032470703,0.0007150082345728226,-0.0026161929534506134,-0.0006357175329454234,1.0,-1.0,0.0,0.0,0.0007150082345728226,1.294202878736239,1.9269877458892555
2017-11-14,76.91663360595703,0.0014303853786006293,0.0007150082345728226,-0.0012771471139400026,1.0,-1.0,0.0,-0.0,0.0014303853786006293,1.294202878736239,1.929744080985718
2017-11-15,76.31880950927734,-0.007772364294338918,0.0014303853786006293,-0.0005175205131116911,-1.0,-1.0,0.0,0.0,-0.007772364294338918,1.294202878736239,1.9147454069934529
2017-11-16,76.5211410522461,0.0026511359947793967,-0.007772364294338918,-0.0027602797415310354,1.0,-1.0,0.0,-0.0,0.0026511359947793967,1.294202878736239,1.9198216574627718
2017-11-17,75.78534698486328,-0.009615565806584625,0.0026511359947793967,-0.0011184055279673366,-1.0,-1.0,0.0,0.0,-0.009615565806584625,1.294202878736239,1.9013614859785322
2017-11-20,75.90491485595703,0.001577717538426393,-0.009615565806584625,-0.002518280098594139,1.0,-1.0,0.0,0.0,0.001577717538426393,1.294202878736239,1.904361297341849
2017-11-21,76.99938201904297,0.014418923532987016,0.001577717538426393,-0.002345738237823425,1.0,-1.0,0.0,-0.0,0.014418923532987016,1.294202878736239,1.9318201372674009
2017-11-22,76.43836212158203,-0.007286031169992935,0.014418923532987016,0.0002519693930538525,-1.0,1.0,1.0,0.0018047837248871268,-0.007286031169992935,1.2965386350284842,1.9177448355324505
2017-11-24,76.5763168334961,0.0018047837248871268,-0.007286031169992935,0.00034923601792304917,1.0,1.0,1.0,0.007326683212761198,0.0018047837248871268,1.3060379628804437,1.9212059502001058
2017-11-27,77.13736724853516,0.007326683212761198,0.0018047837248871268,0.00017996556394459518,1.0,1.0,1.0,0.012042076053436768,0.007326683212761198,1.3217653713581257,1.9352820175836938
2017-11-28,78.0662612915039,0.012042076053436768,0.007326683212761198,0.0035684153678137596,1.0,1.0,1.0,-0.018143230931146337,0.012042076053436768,1.2977842769887828,1.958586830824285
2017-11-29,76.64988708496094,-0.018143230931146337,0.012042076053436768,0.005661287070815835,-1.0,1.0,1.0,0.009959037108274948,-0.018143230931146337,1.31070895876185,1.923051737653938
2017-11-30,77.41324615478516,0.009959037108274948,-0.018143230931146337,-0.0008511438220108359,1.0,-1.0,0.0,0.0,0.009959037108274948,1.31070895876185,1.9422034812703661
2017-12-01,77.4960708618164,0.0010699035519792233,0.009959037108274948,0.002597869833642741,1.0,1.0,1.0,-0.037740639611954285,0.0010699035519792233,1.261241964313059,1.9442814516736437
2017-12-04,74.57131958007812,-0.037740639611954285,0.0010699035519792233,0.00245089379906116,-1.0,1.0,1.0,0.006290123439106843,-0.037740639611954285,1.2691753319551697,1.8709030261018214
2017-12-05,75.0403823852539,0.006290123439106843,-0.037740639611954285,-0.006562570765881936,1.0,-1.0,0.0,0.0,0.006290123439106843,1.2691753319551697,1.8826712370786003
2017-12-06,76.13484191894531,0.014584940786582123,0.006290123439106843,-0.007712961288747921,1.0,-1.0,0.0,-0.0,0.014584940786582123,1.2691753319551697,1.910129885591993
2017-12-07,75.86811065673828,-0.003503406002878351,0.014584940786582123,-0.0011673269452022294,-1.0,-1.0,0.0,0.0,-0.003503406002878351,1.2691753319551697,1.9034379250845328
2017-12-08,77.40409088134766,0.020245399698416655,-0.003503406002878351,-0.0038598155674328893,1.0,-1.0,0.0,0.0,0.020245399698416655,1.2691753319551697,1.9419737866789941
2017-12-11,78.38817596435547,0.012713605596328392,0.020245399698416655,-2.4716338145402973e-05,1.0,-1.0,0.0,0.0,0.012713605596328392,1.2691753319551697,1.9666632754812392
2017-12-12,78.71007537841797,0.004106479199220914,0.012713605596328392,0.010066132703511133,1.0,1.0,1.0,-0.002687296803712269,0.004106479199220914,1.265764681142256,1.9747393373138746
2017-12-13,78.4985580444336,-0.002687296803712269,0.004106479199220914,0.009629403855533947,-1.0,1.0,1.0,-0.007733043650754667,-0.002687296803712269,1.2559764676113994,1.969432626604546
2017-12-14,77.89152526855469,-0.007733043650754667,-0.002687296803712269,0.006174956337475068,-1.0,1.0,1.0,0.02550473593056113,-0.007733043650754667,1.288009815752827,1.9542029181357927
2017-12-15,79.87812805175781,0.02550473593056113,-0.007733043650754667,0.005329028807899805,1.0,1.0,1.0,-0.005411476414131089,0.02550473593056113,1.2810397810137113,2.004044347517578
2017-12-18,79.44586944580078,-0.005411476414131089,0.02550473593056113,0.0063808960543287,-1.0,1.0,1.0,-0.006367250420118653,-0.005411476414131089,1.272883079929863,1.993199508798114
2017-12-19,78.94001770019531,-0.006367250420118653,-0.005411476414131089,0.0027558796522368033,-1.0,1.0,1.0,-0.0036118322662428426,-0.006367250420118653,1.2682856397506177,1.980508308388339
2017-12-20,78.65489959716797,-0.0036118322662428426,-0.006367250420118653,0.0006611337283688901,-1.0,1.0,1.0,-0.0002336689960817928,-0.0036118322662428426,1.2679892807184323,1.97335504457654
2017-12-21,78.63652038574219,-0.0002336689960817928,-0.0036118322662428426,0.00047622663586277536,-1.0,1.0,1.0,0.00011671627350851033,-0.0002336689960817928,1.2681372757021265,1.9728939326843609
2017-12-22,78.64569854736328,0.00011671627350851033,-0.0002336689960817928,0.0019761015667973504,1.0,1.0,1.0,-0.0012863484380325474,0.00011671627350851033,1.2665060092983162,1.9731242015122112
2017-12-26,78.5445327758789,-0.0012863484380325474,0.00011671627350851033,-0.0031015023646131733,-1.0,-1.0,0.0,0.0,-0.0012863484380325474,1.2665060092983162,1.9705860762775518
2017-12-27,78.82965850830078,0.0036301155834164156,-0.0012863484380325474,-0.002276476769393465,1.0,-1.0,0.0,0.0,0.0036301155834164156,1.2665060092983162,1.9777395315015103
2017-12-28,78.83885192871094,0.00011662387715638545,0.0036301155834164156,-0.0002770035686864514,1.0,-1.0,0.0,-0.0,0.00011662387715638545,1.2665060092983162,1.9779701831536793
2017-12-29,78.67328643798828,-0.0021000494892082777,0.00011662387715638545,0.0004686876599933942,-1.0,1.0,1.0,0.004793022406712977,-0.0021000494892082777,1.2725764009791196,1.9738163478808783
2018-01-02,79.05036926269531,0.004793022406712977,-0.0021000494892082777,9.541156136809726e-05,1.0,1.0,1.0,0.004653957181007362,0.004793022406712977,1.278498917058837,1.9832768938630079
2018-01-03,79.41826629638672,0.004653957181007362,0.004793022406712977,0.0010306727880089906,1.0,1.0,1.0,0.008801566183080034,0.004653957181007362,1.2897517098923266,1.9925069796051276
2018-01-04,80.11727142333984,0.008801566183080034,0.004653957181007362,0.0022187339118169723,1.0,1.0,1.0,0.012397997891846035,0.008801566183080034,1.3057420488725764,2.010044161656371
2018-01-05,81.11056518554688,0.012397997891846035,0.008801566183080034,0.003253024031749696,1.0,1.0,1.0,0.0010207571512259594,0.012397997891846035,1.3070748944066195,2.034964684935104
2018-01-08,81.193359375,0.0010207571512259594,0.012397997891846035,0.005709298834687626,1.0,1.0,1.0,-0.0006798421676168509,0.0010207571512259594,1.3061862897771686,2.037041889689744
2018-01-09,81.1381607055664,-0.0006798421676168509,0.0010207571512259594,0.0063334601627744735,-1.0,1.0,1.0,-0.0045340166908307555,-0.0006798421676168509,1.3002640193379846,2.035657022715931
2018-01-10,80.77027893066406,-0.0045340166908307555,-0.0006798421676168509,0.005238887247908508,-1.0,1.0,1.0,0.0029605008991451243,-0.0045340166908307555,1.3041134521363609,2.02642731979813
2018-01-11,81.0093994140625,0.0029605008991451243,-0.0045340166908307555,0.0034012924735408847,1.0,1.0,1.0,0.017257006550346565,0.0029605008991451243,1.326618546522273,2.0324265597004447
2018-01-12,82.40737915039062,0.017257006550346565,0.0029605008991451243,0.0022330794167539024,1.0,1.0,1.0,-0.013951005897438251,0.017257006550346565,1.30811088335609,2.0675001581542936
2018-01-16,81.2577133178711,-0.013951005897438251,0.017257006550346565,0.0032048811484540083,-1.0,1.0,1.0,0.020260058319658825,-0.013951005897438251,1.3346132861414648,2.0386564512549286
2018-01-17,82.90399932861328,0.020260058319658825,-0.013951005897438251,0.0002105285387211664,1.0,1.0,1.0,-0.0004433853993685011,0.020260058319658825,1.3340215380965865,2.079959749851102
2018-01-18,82.86724090576172,-0.0004433853993685011,0.020260058319658825,0.0043985086361763015,-1.0,1.0,1.0,-0.001109783802072939,-0.0004433853993685011,1.3325410626019905,2.079037526066744
2018-01-19,82.77527618408203,-0.001109783802072939,-0.0004433853993685011,0.005216634894468752,-1.0,1.0,1.0,0.017888900348688175,-0.001109783802072939,1.3563787568814125,2.0767302438964133
2018-01-22,84.25603485107422,0.017888900348688175,-0.001109783802072939,0.004402577954225139,1.0,1.0,1.0,0.003165360737664713,0.017888900348688175,1.3606721849438475,2.113880664280583
2018-01-23,84.52273559570312,0.003165360737664713,0.017888900348688175,0.0045289567138934615,1.0,1.0,1.0,-0.0008701488748902309,0.003165360737664713,1.3594881975730242,2.1205718591394054
2018-01-24,84.44918823242188,-0.0008701488748902309,0.003165360737664713,0.007952230040914054,-1.0,1.0,1.0,0.005554108059645291,-0.0008701488748902309,1.3670389419281572,2.1187266459220515
2018-01-25,84.91822814941406,0.005554108059645291,-0.0008701488748902309,0.0037261886020042434,1.0,1.0,1.0,0.018737328624788274,0.005554108059645291,1.392653599825948,2.1304942826623523
2018-01-26,86.50936889648438,0.018737328624788274,0.005554108059645291,0.004925687293807002,1.0,1.0,1.0,-0.0014886732076568876,0.018737328624788274,1.3905803937243402,2.1704140541698296
2018-01-29,86.38058471679688,-0.0014886732076568876,0.018737328624788274,0.008895109779179244,-1.0,1.0,1.0,-0.012564038609173767,-0.0014886732076568876,1.3731090879684276,2.167183016917865
2018-01-30,85.29529571533203,-0.012564038609173767,-0.0014886732076568876,0.005019595067910232,-1.0,1.0,1.0,0.024477306219015116,-0.012564038609173767,1.4067190995867433,2.1399544458201634
2018-01-31,87.38309478759766,0.024477306219015116,-0.012564038609173767,0.001873715198542536,1.0,1.0,1.0,-0.007893934741388997,0.024477306219015116,1.39561455081514,2.192334766085246
2018-02-01,86.69329833984375,-0.007893934741388997,0.024477306219015116,0.006943206217323606,-1.0,1.0,1.0,-0.026310245194429926,-0.007893934741388997,1.3588955897862796,2.175028618510491
2018-02-02,84.4123764038086,-0.026310245194429926,-0.007893934741388997,0.004253597657116748,-1.0,1.0,1.0,-0.04118545938535079,-0.026310245194429926,1.3029288506642045,2.117803082252578
2018-02-05,80.9358139038086,-0.04118545938535079,-0.026310245194429926,-0.004755917106726892,-1.0,-1.0,0.0,0.0,-0.04118545938535079,1.3029288506642045,2.0305803894222936
2018-02-06,83.99850463867188,0.037840982713823745,-0.04118545938535079,-0.012695274342265672,1.0,-1.0,0.0,-0.0,0.037840982713823745,1.3029288506642045,2.107419546837452
2018-02-07,82.41657257080078,-0.018832859878588737,0.037840982713823745,-0.0026142700776661696,-1.0,-1.0,0.0,-0.0,-0.018832859878588737,1.3029288506642045,2.0677308098064633
2018-02-08,78.18583679199219,-0.05133355642973547,-0.018832859878588737,-0.01127630329718694,-1.0,-1.0,0.0,0.0,-0.05133355642973547,1.3029288506642045,1.9615868335997606
2018-02-09,81.10137176513672,0.03728980967359985,-0.05133355642973547,-0.019964227634856235,1.0,-1.0,0.0,0.0,0.03728980967359985,1.3029288506642045,2.034734033282935
2018-02-12,81.9751205444336,0.010773538847495434,0.03728980967359985,-0.00724421666125028,1.0,-1.0,0.0,0.0,0.010773538847495434,1.3029288506642045,2.05665531943483
2018-02-13,82.61890411376953,0.00785340192317241,0.010773538847495434,0.003147582985318964,1.0,1.0,1.0,0.015658473408270757,0.00785340192317241,1.3233307274251986,2.072807060275782
2018-02-14,83.91259002685547,0.015658473408270757,0.00785340192317241,-0.0028499331728113033,1.0,-1.0,0.0,0.0,0.015658473408270757,1.3233307274251986,2.1052640545095866
2018-02-15,85.62208557128906,0.020372336783866185,0.015658473408270757,0.004048333484560596,1.0,1.0,1.0,-0.007123089735069921,0.020372336783866185,1.3139045239045737,2.1481532028470234
2018-02-16,85.01219177246094,-0.007123089735069921,0.020372336783866185,0.018389512127280926,-1.0,1.0,1.0,0.007826007981176497,-0.007123089735069921,1.3241871511951548,2.1328517148184662
2018-02-20,85.67749786376953,0.007826007981176497,-0.007123089735069921,0.009506932245546973,1.0,1.0,1.0,-0.013265810151291357,0.007826007981176497,1.3066207358426205,2.1495434293613016
2018-02-21,84.5409164428711,-0.013265810151291357,0.007826007981176497,0.008917426072283186,-1.0,1.0,1.0,0.002623151252325373,-0.013265810151291357,1.3100481996621605,2.1210279943154386
2018-02-22,84.76268005371094,0.002623151252325373,-0.013265810151291357,0.004693583657390432,1.0,1.0,1.0,0.025401138108376742,0.002623151252325373,1.3433249149104094,2.1265917715549443
2018-02-23,86.9157485961914,0.025401138108376742,0.002623151252325373,0.0020865192262013556,1.0,1.0,1.0,0.014458374710251798,0.025401138108376742,1.3627472098878013,2.180609622844349
2018-02-26,88.17240905761719,0.014458374710251798,0.025401138108376742,0.0030922794911034668,1.0,1.0,1.0,-0.012785484454614027,0.014458374710251798,1.345323826620212,2.2121376938682134
2018-02-27,87.04508209228516,-0.012785484454614027,0.014458374710251798,0.007408572380167811,-1.0,1.0,1.0,-0.0045645727345882126,-0.012785484454614027,1.3391829981620296,2.1838544417717958
2018-02-28,86.64775848388672,-0.0045645727345882126,-0.012785484454614027,0.003286273893009706,-1.0,1.0,1.0,-0.00981139983420054,-0.0045645727345882126,1.3260437383158985,2.173886079330575
2018-03-01,85.79762268066406,-0.00981139983420054,-0.0045645727345882126,0.0050265213763503345,-1.0,1.0,1.0,0.0021541632127435317,-0.00981139983420054,1.3289002529554674,2.15255721381226
2018-03-02,85.9824447631836,0.0021541632127435317,-0.00981139983420054,0.002539611159045152,1.0,1.0,1.0,0.0063406114575552674,0.0021541632127435317,1.337326293125305,2.15719417337558
2018-03-05,86.52762603759766,0.0063406114575552674,0.0021541632127435317,-0.00210978382008149,1.0,-1.0,0.0,-0.0,0.0063406114575552674,1.337326293125305,2.170872103467457
2018-03-06,86.23194122314453,-0.0034172301725305942,0.0063406114575552674,-0.003733336470620796,-1.0,-1.0,0.0,0.0,-0.0034172301725305942,1.337326293125305,2.163453733814783
2018-03-07,86.73088836669922,0.005786105896230964,-0.0034172301725305942,-0.0018596856142041097,1.0,-1.0,0.0,0.0,0.005786105896230964,1.337326293125305,2.1759717062202313
2018-03-08,87.25762939453125,0.0060732806702608055,0.005786105896230964,0.00021045011195972574,1.0,1.0,1.0,0.022344520851213856,0.0060732806702608055,1.36720820836692,2.189186993122653
2018-03-09,89.20735931396484,0.022344520851213856,0.0060732806702608055,0.0033873862128519948,1.0,1.0,1.0,0.0023822786180680566,0.022344520851213856,1.3704652792481595,2.2381033275376883
2018-03-12,89.41987609863281,0.0023822786180680566,0.022344520851213856,0.00742545774054606,1.0,1.0,1.0,-0.024387646814002406,0.0023822786180680566,1.3370428560470022,2.2434351132399084
2018-03-13,87.2391357421875,-0.024387646814002406,0.0023822786180680566,0.006633791172648618,-1.0,1.0,1.0,-0.005931379545324189,-0.024387646814002406,1.3291123473994233,2.188723010048082
2018-03-14,86.72168731689453,-0.005931379545324189,-0.024387646814002406,0.002439707844354255,-1.0,1.0,1.0,0.003516121752984658,-0.005931379545324189,1.333785668236275,2.175740863155902
2018-03-15,87.026611328125,0.003516121752984658,-0.005931379545324189,9.62107560432246e-05,1.0,1.0,1.0,0.004459814678183571,0.003516121752984658,1.339734105137026,2.1833910329337023
2018-03-16,87.41473388671875,0.004459814678183571,0.003516121752984658,-0.00041522102741200497,1.0,-1.0,0.0,-0.0,0.004459814678183571,1.339734105137026,2.1931285523105943
2018-03-19,85.83457946777344,-0.018076522671716222,0.004459814678183571,-0.003992162262018062,-1.0,-1.0,0.0,0.0,-0.018076522671716222,1.339734105137026,2.153484414312764
2018-03-20,86.0563735961914,0.002583971748836289,-0.018076522671716222,-0.008083922519974918,1.0,-1.0,0.0,-0.0,0.002583971748836289,1.339734105137026,2.1590489572009073
2018-03-21,85.45574188232422,-0.006979514575940371,0.002583971748836289,-0.0026895988074071785,-1.0,-1.0,0.0,-0.0,-0.006979514575940371,1.339734105137026,2.1439798435339545
2018-03-22,82.97003173828125,-0.029087690180794268,-0.006979514575940371,-0.002899225813530415,-1.0,-1.0,0.0,-0.0,-0.029087690180794268,1.339734105137026,2.081616422091371
2018-03-23,80.55829620361328,-0.029067549862768383,-0.029087690180794268,-0.0094199882002862,-1.0,-1.0,0.0,0.0,-0.029067549862768383,1.339734105137026,2.021108932947073
2018-03-26,86.656982421875,0.07570525328449262,-0.029067549862768383,-0.01612546110847659,1.0,-1.0,0.0,-0.0,0.07570525328449262,1.339734105137026,2.1741174966313817
2018-03-27,82.67436218261719,-0.04595844590882581,0.07570525328449262,0.0026308940827651783,-1.0,1.0,1.0,-0.0008942171557914103,-0.04595844590882581,1.3385360919160136,2.0741984352630167
2018-03-28,82.60043334960938,-0.0008942171557914103,-0.04595844590882581,-0.007077589448767241,-1.0,-1.0,0.0,0.0,-0.0008942171557914103,1.3385360919160136,2.0723436514376887
2018-03-29,84.337646484375,0.021031525675087037,-0.0008942171557914103,-0.0058605299647374485,1.0,-1.0,0.0,-0.0,0.021031525675087037,1.3385360919160136,2.115928200150504
2018-04-02,81.79649353027344,-0.03013070746018931,0.021031525675087037,0.004163313206438812,-1.0,1.0,1.0,0.013443513477464863,-0.03013070746018931,1.3565307199077596,2.052173786545004
2018-04-03,82.89612579345703,0.013443513477464863,-0.03013070746018931,0.003950681686954627,1.0,1.0,1.0,0.029205196219435292,0.013443513477464863,1.3961484657603576,2.079762212502522
2018-04-04,85.31712341308594,0.029205196219435292,0.013443513477464863,-0.008501666274450925,1.0,-1.0,0.0,0.0,0.029205196219435292,1.3961484657603576,2.140502076008425
2018-04-05,85.36333465576172,0.0005416408902119141,0.029205196219435292,0.006531062151201294,1.0,1.0,1.0,-0.02327357058786672,0.0005416408902119141,1.363655105891342,2.1416614594583745
2018-04-06,83.37662506103516,-0.02327357058786672,0.0005416408902119141,0.006818233760401959,-1.0,1.0,1.0,0.005984531412407401,-0.02327357058786672,1.3718159427082384,2.091817350306356
2018-04-09,83.87559509277344,0.005984531412407401,-0.02327357058786672,-0.0020427854921887924,1.0,-1.0,0.0,0.0,0.005984531412407401,1.3718159427082384,2.1043358969482835
2018-04-10,85.82536315917969,0.02324595210620739,0.005984531412407401,0.00518026228233055,1.0,1.0,1.0,-0.010982281389547599,0.02324595210620739,1.3567502740107489,2.153253188424116
2018-04-11,84.88280487060547,-0.010982281389547599,0.02324595210620739,0.007140750008079055,-1.0,1.0,1.0,0.018724475336918678,-0.010982281389547599,1.382154711054821,2.129605556005902
2018-04-12,86.4721908569336,0.018724475336918678,-0.010982281389547599,-0.0008967455137175228,1.0,-1.0,0.0,-0.0,0.018724475336918678,1.382154711054821,2.1694813027166995
2018-04-13,86.0101547241211,-0.005343175976389114,0.018724475336918678,0.0027398213756238297,-1.0,1.0,1.0,0.011710624974996753,-0.005343175976389114,1.398340606533409,2.1578893823387983
2018-04-16,87.01738739013672,0.011710624974996753,-0.005343175976389114,0.006325900297919351,1.0,1.0,1.0,0.02017597934618287,0.011710624974996753,1.4265534977297558,2.183159615632895
2018-04-17,88.7730484008789,0.02017597934618287,0.011710624974996753,0.007471119010437221,1.0,1.0,1.0,0.0038517794562766827,0.02017597934618287,1.432048267185591,2.227206998947325
2018-04-18,89.11498260498047,0.0038517794562766827,0.02017597934618287,0.006857124458432317,1.0,1.0,1.0,-0.003422119931896672,0.0038517794562766827,1.427147626267017,2.235785709110746
2018-04-19,88.81002044677734,-0.003422119931896672,0.0038517794562766827,0.009823936627597174,-1.0,1.0,1.0,-0.01154941103510354,-0.003422119931896672,1.410664911723487,2.2281345822721486
2018-04-20,87.78431701660156,-0.01154941103510354,-0.003422119931896672,0.005394617573834104,-1.0,1.0,1.0,0.003684491293548975,-0.01154941103510354,1.4158624943088474,2.2024009401399587
2018-04-23,88.10775756835938,0.003684491293548975,-0.01154941103510354,0.004153370562091219,1.0,1.0,1.0,-0.023387620513903973,0.003684491293548975,1.3827488395920826,2.2105156672288087
2018-04-24,86.04712677001953,-0.023387620513903973,0.003684491293548975,0.0025481438258016633,-1.0,1.0,1.0,-0.008698686840269199,-0.023387620513903973,1.3707207404577255,2.1588169656636222
2018-04-25,85.29862976074219,-0.008698686840269199,-0.023387620513903973,-0.006164576146215706,-1.0,-1.0,0.0,0.0,-0.008698686840269199,1.3707207404577255,2.140038092933854
2018-04-26,87.10053253173828,0.021124639118474953,-0.008698686840269199,-0.008674669405524882,1.0,-1.0,0.0,0.0,0.021124639118474953,1.3707207404577255,2.1852456253468713
2018-04-27,88.54205322265625,0.016550078960684944,0.021124639118474953,-0.0037653175954505567,1.0,-1.0,0.0,-0.0,0.016550078960684944,1.3707207404577255,2.2214116129948533
2018-04-30,86.416748046875,-0.024003341897174568,0.016550078960684944,0.00185458040370714,-1.0,1.0,1.0,0.015825276935724997,-0.024003341897174568,1.392412775777011,2.168090310553784
2018-05-01,87.78431701660156,0.015825276935724997,-0.024003341897174568,-0.0036829862344375684,1.0,-1.0,0.0,-0.0,0.015825276935724997,1.392412775777011,2.2024009401399596
2018-05-02,86.40750122070312,-0.01568407481757883,0.015825276935724997,0.004159593255488226,-1.0,1.0,1.0,0.005988466487085287,-0.01568407481757883,1.400751193020941,2.1678583190164984
2018-05-03,86.9249496459961,0.005988466487085287,-0.01568407481757883,0.002762515660026299,1.0,1.0,1.0,0.011587295025456301,0.005988466487085287,1.4169821103517346,2.1808404659086777
2018-05-04,87.93217468261719,0.011587295025456301,0.005988466487085287,-0.0002647188662516342,1.0,-1.0,0.0,0.0,0.011587295025456301,1.4169821103517346,2.206110507790615
2018-05-07,88.91165924072266,0.011139091710637539,0.011587295025456301,-0.0012572756532973628,1.0,-1.0,0.0,-0.0,0.011139091710637539,1.4169821103517346,2.230684575060696
2018-05-08,88.53282165527344,-0.004260831354227057,0.011139091710637539,0.005771211068265059,-1.0,1.0,1.0,0.011794204395763064,-0.004260831354227057,1.4336942869863627,2.2211800042818868
2018-05-09,89.57699584960938,0.011794204395763064,-0.004260831354227057,0.0017539894102746479,1.0,1.0,1.0,0.010006016504846782,0.011794204395763064,1.4480398556848528,2.2473770552521692
2018-05-10,90.47330474853516,0.010006016504846782,0.011794204395763064,0.007249645252943027,1.0,1.0,1.0,-0.0021448719093627444,0.010006016504846782,1.4449339956747567,2.2698643471596363
2018-05-11,90.27925109863281,-0.0021448719093627444,0.010006016504846782,0.008053155256495326,-1.0,1.0,1.0,0.003377818221829365,-0.0021448719093627444,1.4498147200546876,2.2649957788833497
2018-05-14,90.58419799804688,0.003377818221829365,-0.0021448719093627444,0.005306721869531517,1.0,1.0,1.0,-0.007242956570896797,0.003377818221829365,1.4393137750014846,2.2726465228976283
2018-05-15,89.9281005859375,-0.007242956570896797,0.003377818221829365,0.003754467171769882,-1.0,1.0,1.0,0.002579948716626035,-0.007242956570896797,1.443027130728122,2.256185842831281
2018-05-16,90.16011047363281,0.002579948716626035,-0.007242956570896797,0.003158042128435934,1.0,1.0,1.0,-0.009984373976620664,0.002579948716626035,1.4286194081965224,2.2620066866009636
2018-05-17,89.25991821289062,-0.009984373976620664,0.002579948716626035,0.001315190992608528,-1.0,1.0,1.0,0.0018714513367950047,-0.009984373976620664,1.431292999897763,2.239421965904323
2018-05-18,89.42696380615234,0.0018714513367950047,-0.009984373976620664,-0.002682887103684961,1.0,-1.0,0.0,0.0,0.0018714513367950047,1.431292999897763,2.2436129351360625
2018-05-21,90.57775115966797,0.012868460523943748,0.0018714513367950047,-0.0018796224544534112,1.0,-1.0,0.0,-0.0,0.012868460523943748,1.431292999897763,2.2724847796228707
2018-05-22,90.48495483398438,-0.00102449359247192,0.012868460523943748,1.8506005969465277e-05,-1.0,1.0,1.0,0.01189751066690814,-0.00102449359247192,1.4483218236315176,2.270156633527157
2018-05-23,91.5615005493164,0.01189751066690814,-0.00102449359247192,0.0012621986016544406,1.0,1.0,1.0,-0.0035476603115252026,0.01189751066690814,1.4431836697795042,2.2971658462900986
2018-05-24,91.2366714477539,-0.0035476603115252026,0.01189751066690814,0.0031257109917108617,-1.0,1.0,1.0,0.0005087563541235074,-0.0035476603115252026,1.4439178986416719,2.289016282188224
2018-05-25,91.28308868408203,0.0005087563541235074,-0.0035476603115252026,0.004413053724729954,1.0,1.0,1.0,-0.0035585641945272695,0.0005087563541235074,1.4387796241077286,2.2901808337664793
2018-05-29,90.958251953125,-0.0035585641945272695,0.0005087563541235074,0.0041405147281956545,-1.0,1.0,1.0,0.009590943862144874,-0.0035585641945272695,1.4525788787125438,2.2820310782524453
2018-05-30,91.83062744140625,0.009590943862144874,-0.0035585641945272695,0.000855109784501451,1.0,1.0,1.0,-0.0011118750884814288,0.009590943862144874,1.450963792443249,2.3039179102156346
2018-05-31,91.72852325439453,-0.0011118750884814288,0.009590943862144874,0.00297819727542481,-1.0,1.0,1.0,0.019729035274852702,-0.0011118750884814288,1.479589908286896,2.30135624128536
2018-06-01,93.53823852539062,0.019729035274852702,-0.0011118750884814288,0.0003763201243468961,1.0,1.0,1.0,0.008730902908620664,0.019729035274852702,1.4925080641207238,2.3467597797496813
2018-06-04,94.35491180419922,0.008730902908620664,0.019729035274852702,0.005031659241622477,1.0,1.0,1.0,0.005114703006407151,0.008730902908620664,1.500141799603369,2.3672491115365317
2018-06-05,94.83750915527344,0.005114703006407151,0.008730902908620664,0.006676088552521909,1.0,1.0,1.0,0.0029355920280869086,0.005114703006407151,1.5045456039112846,2.379356887684222
2018-06-06,95.11591339111328,0.0029355920280869086,0.005114703006407151,0.008410741992708793,1.0,1.0,1.0,-0.01570886994523879,0.0029355920280869086,1.4809108926927614,2.3863417087956815
2018-06-07,93.62174987792969,-0.01570886994523879,0.0029355920280869086,0.0070796716258972,-1.0,1.0,1.0,0.0074345682855534445,-0.01570886994523879,1.4919208258493057,2.3488549772473113
2018-06-08,94.31778717041016,0.0074345682855534445,-0.01570886994523879,0.004160272654545727,1.0,1.0,1.0,-0.005706891878217046,0.0074345682855534445,1.4834065950053235,2.3663176999685187
2018-06-11,93.77952575683594,-0.005706891878217046,0.0074345682855534445,0.0017013792566858755,-1.0,1.0,1.0,0.002572757440487017,-0.005706891878217046,1.487223040359891,2.352813380705287
2018-06-12,94.02079772949219,0.002572757440487017,-0.005706891878217046,-0.0011861797006816666,1.0,-1.0,0.0,-0.0,0.002572757440487017,1.487223040359891,2.358866598836574
2018-06-13,93.59392547607422,-0.004540189657251448,0.002572757440487017,-0.0016945688138656934,-1.0,-1.0,0.0,0.0,-0.004540189657251448,1.487223040359891,2.3481568971017004
2018-06-14,94.1229248046875,0.005652069041045982,-0.004540189657251448,-0.003189725150933365,1.0,-1.0,0.0,-0.0,0.005652069041045982,1.487223040359891,2.3614288420033276
2018-06-15,92.92571258544922,-0.012719666560751186,0.005652069041045982,0.0010824626463235899,-1.0,1.0,1.0,0.007290582833653136,-0.012719666560751186,1.4980657631277523,2.3313922545261043
2018-06-18,93.60319519042969,0.007290582833653136,-0.012719666560751186,-0.0029483843229373362,1.0,-1.0,0.0,0.0,0.007290582833653136,1.4980657631277523,2.3483894628754642
2018-06-19,93.60319519042969,0.0,0.007290582833653136,-0.00034888938056329975,0.0,-1.0,0.0,0.0,0.0,1.4980657631277523,2.3483894628754642
2018-06-20,94.54051208496094,0.010013727550906237,0.0,-0.0008634408686607031,1.0,-1.0,0.0,-0.0,0.010013727550906237,1.4980657631277523,2.371905595140118
2018-06-21,93.863037109375,-0.007165975312013462,0.010013727550906237,0.0020473425729708337,-1.0,1.0,1.0,-0.0072175345872034224,-0.007165975312013462,1.4872534216684725,2.354908578202917
2018-06-22,93.18557739257812,-0.0072175345872034224,-0.007165975312013462,-0.0005162662976410548,-1.0,-1.0,0.0,-0.0,-0.0072175345872034224,1.4872534216684725,2.3379119440900356
2018-06-25,91.31092071533203,-0.02011745518674446,-0.0072175345872034224,0.0005841600970684979,-1.0,1.0,1.0,0.007012772485326835,-0.02011745518674446,1.4976831915426574,2.2908791053242497
2018-06-26,91.95126342773438,0.007012772485326835,-0.02011745518674446,-0.004897447507011021,1.0,-1.0,0.0,-0.0,0.007012772485326835,1.4976831915426574,2.3069445192812776
2018-06-27,90.52207946777344,-0.015542842008736013,0.007012772485326835,-0.0034948930099456543,-1.0,-1.0,0.0,0.0,-0.015542842008736013,1.4976831915426574,2.271088045095169
2018-06-28,91.53364562988281,0.011174800314540878,-0.015542842008736013,-0.008606206921874105,1.0,-1.0,0.0,-0.0,0.011174800314540878,1.4976831915426574,2.2964670004958485
2018-06-29,91.51508331298828,-0.00020279228219088896,0.011174800314540878,-0.004938051796563236,-1.0,-1.0,0.0,0.0,-0.00020279228219088896,1.4976831915426574,2.296001294711842
2018-07-02,92.8143539428711,0.014197338655522085,-0.00020279228219088896,-0.0035351033355607298,1.0,-1.0,0.0,-0.0,0.014197338655522085,1.4976831915426574,2.3285984026463833
2018-07-03,91.92340850830078,-0.009599220343856518,0.014197338655522085,0.003327855432892579,-1.0,1.0,1.0,0.007168393632945191,-0.009599220343856518,1.5084191741970807,2.3062456734870285
2018-07-05,92.58235168457031,0.007168393632945191,-0.009599220343856518,5.456867055908532e-06,1.0,1.0,1.0,0.014033510139387362,0.007168393632945191,1.5295875899726217,2.3227777502888602
2018-07-06,93.88160705566406,0.014033510139387362,0.007168393632945191,0.004547703995392149,1.0,1.0,1.0,0.006820991040409563,0.014033510139387362,1.5400208932193467,2.355374475399082
2018-07-09,94.52197265625,0.006820991040409563,0.014033510139387362,0.005119445960361446,1.0,1.0,1.0,0.0026506991905197452,0.006820991040409563,1.5441030253543866,2.3714404635925885
2018-07-10,94.77252197265625,0.0026506991905197452,0.006820991040409563,0.006524202624881537,1.0,1.0,1.0,-0.0013708716067526439,0.0026506991905197452,1.5419862583590274,2.377726438909799
2018-07-11,94.6426010131836,-0.0013708716067526439,0.0026506991905197452,0.004214874731881068,-1.0,1.0,1.0,0.02167102848489666,-0.0013708716067526439,1.575402686487245,2.3744668812460725
2018-07-12,96.693603515625,0.02167102848489666,-0.0013708716067526439,0.0058605444793018435,1.0,1.0,1.0,0.011901459259652025,0.02167102848489666,1.5941522773780192,2.4259240206659998
2018-07-13,97.84439849853516,0.011901459259652025,0.02167102848489666,0.008761071449692136,1.0,1.0,1.0,-0.004932450066321481,0.011901459259652025,1.5862892008717395,2.4547960565649674
2018-07-16,97.36178588867188,-0.004932450066321481,0.011901459259652025,0.00833466127374507,-1.0,1.0,1.0,0.009913407646995553,-0.004932450066321481,1.6020147323660079,2.4426878975929576
2018-07-17,98.32697296142578,0.009913407646995553,-0.004932450066321481,0.005983973052398861,1.0,1.0,1.0,-0.007833774172746222,0.009913407646995553,1.5894649107312402,2.466903258476179
2018-07-18,97.55670166015625,-0.007833774172746222,0.009913407646995553,0.007436514743694023,-1.0,1.0,1.0,-0.006849247576748541,-0.007833774172746222,1.5785782720430874,2.447578095443265
2018-07-19,96.88851165771484,-0.006849247576748541,-0.007833774172746222,0.006143934230495307,-1.0,1.0,1.0,0.017911910755264993,-0.006849247576748541,1.6068536251721237,2.430814027104147
2018-07-20,98.62397003173828,0.017911910755264993,-0.006849247576748541,0.00043987901816626706,1.0,1.0,1.0,0.015996870387746,0.017911910755264993,1.632558254346082,2.474354551020283
2018-07-23,100.20164489746094,0.015996870387746,0.017911910755264993,0.0016419693172888606,1.0,1.0,1.0,-0.002871254938657475,0.015996870387746,1.6278707633956446,2.5139364800662842
2018-07-24,99.9139404296875,-0.002871254938657475,0.015996870387746,0.005827833408102357,-1.0,1.0,1.0,0.029444743095559556,-0.002871254938657475,1.6758029998166017,2.5067183275324227
2018-07-25,102.85588073730469,0.029444743095559556,-0.002871254938657475,0.0032709008909717506,1.0,1.0,1.0,-0.010917829331783313,0.029444743095559556,1.6575068686709136,2.580528004699546
2018-07-26,101.73291778564453,-0.010917829331783313,0.029444743095559556,0.010726604344632906,-1.0,1.0,1.0,-0.017697542817464385,-0.010917829331783313,1.6281730698923687,2.552354240358349
2018-07-27,99.9324951171875,-0.017697542817464385,-0.010917829331783313,0.009912887993625951,-1.0,1.0,1.0,-0.021452393400330005,-0.017697542817464385,1.5932448606732146,2.5071838419042702
2018-07-30,97.78870391845703,-0.021452393400330005,-0.017697542817464385,0.0027909972790800762,-1.0,1.0,1.0,0.006738282552859465,-0.021452393400330005,1.6039805947203218,2.4533987478007893
2018-07-31,98.4476318359375,0.006738282552859465,-0.021452393400330005,-0.004698855478535125,1.0,-1.0,0.0,0.0,0.006738282552859465,1.6039805947203218,2.4699304417783026
2018-08-01,98.63323974609375,0.0018853466223094362,0.006738282552859465,-0.0027769479802317366,1.0,-1.0,0.0,0.0,0.0018853466223094362,1.6039805947203218,2.4745871167940487
2018-08-02,99.83041381835938,0.012137633067183407,0.0018853466223094362,-0.00828882727488176,1.0,-1.0,0.0,0.0,0.012137633067183407,1.6039805947203218,2.5046227472104743
2018-08-03,100.26657104492188,0.004368981454450083,0.012137633067183407,-0.0036777347950884163,1.0,-1.0,0.0,0.0,0.004368981454450083,1.6039805947203218,2.5155653975434307
2018-08-06,100.35013580322266,0.000833425910848673,0.004368981454450083,0.0007355700592944769,1.0,1.0,1.0,0.00693585911693928,0.000833425910848673,1.6151055781516064,2.5176619349261777
2018-08-07,101.04615020751953,0.00693585911693928,0.000833425910848673,0.005192733921530213,1.0,1.0,1.0,0.005602703226537553,0.00693585911693928,1.6241545353855151,2.5351240834109063
2018-08-08,101.6122817993164,0.005602703226537553,0.00693585911693928,0.005232249234346176,1.0,1.0,1.0,0.0016440258962611143,0.005602703226537553,1.626824687501219,2.5493276312927056
2018-08-09,101.77933502197266,0.0016440258962611143,0.005602703226537553,0.005975720555191799,1.0,1.0,1.0,-0.006109327434269174,0.0016440258962611143,1.6168858828071213,2.5535187919366047
2018-08-10,101.15753173828125,-0.006109327434269174,0.0016440258962611143,0.0038769991210073408,-1.0,1.0,1.0,-0.007247799971641711,-0.006109327434269174,1.605167017351564,2.5379185095271044
2018-08-13,100.42436218261719,-0.007247799971641711,-0.006109327434269174,0.0017813373432634893,-1.0,1.0,1.0,0.012475820154675077,-0.007247799971641711,1.6251927923782583,2.519524183825725
2018-08-14,101.67723846435547,0.012475820154675077,-0.007247799971641711,0.0001650921667654126,1.0,1.0,1.0,-0.013560401526550692,0.012475820154675077,1.603154525555553,2.5509573144184894
2018-08-15,100.29845428466797,-0.013560401526550692,0.012475820154675077,0.0012730843743125719,-1.0,1.0,1.0,-0.0001859836202058318,-0.013560401526550692,1.6028563650731409,2.5163653089578832
2018-08-16,100.27980041503906,-0.0001859836202058318,-0.013560401526550692,-0.002559536576305077,-1.0,-1.0,0.0,-0.0,-0.0001859836202058318,1.6028563650731409,2.515897306227963
2018-08-17,100.22393798828125,-0.0005570655957292114,-0.0001859836202058318,-0.002925538479598466,-1.0,-1.0,0.0,-0.0,-0.0005570655957292114,1.6028563650731409,2.5144957863962754
2018-08-20,99.56243133544922,-0.006600285980674414,-0.0005570655957292114,-0.0018150861118904737,-1.0,-1.0,0.0,-0.0,-0.006600285980674414,1.6028563650731409,2.4978993951088593
2018-08-21,98.73332214355469,-0.008327530583308707,-0.006600285980674414,-0.0016855833136970144,-1.0,-1.0,0.0,0.0,-0.008327530583308707,1.6028563650731409,2.477098061502062
2018-08-22,99.73948669433594,0.010190729218230166,-0.008327530583308707,-0.0058462534612937715,1.0,-1.0,0.0,0.0,0.010190729218230166,1.6028563650731409,2.5023414970938322
2018-08-23,100.20528411865234,0.004670140580770088,0.010190729218230166,-0.0010960273123375996,1.0,-1.0,0.0,0.0,0.004670140580770088,1.6028563650731409,2.514027783666355
2018-08-24,100.98786163330078,0.007809742984429713,0.004670140580770088,-0.0001248024721424157,1.0,-1.0,0.0,0.0,0.007809742984429713,1.6028563650731409,2.533661694512505
2018-08-27,102.10577392578125,0.011069768924702572,0.007809742984429713,0.0015485592438893691,1.0,1.0,1.0,0.006022173457963076,0.011069768924702572,1.6125090441318115,2.5617087440041284
2018-08-28,102.72067260742188,0.006022173457963076,0.011069768924702572,0.005082570224964766,1.0,1.0,1.0,0.01596213076185604,0.006022173457963076,1.638248124348919,2.577135798409302
2018-08-29,104.36031341552734,0.01596213076185604,0.006022173457963076,0.007952511033219123,1.0,1.0,1.0,-0.000624985607200701,0.01596213076185604,1.6372242428501775,2.6182723770145717
2018-08-30,104.29508972167969,-0.000624985607200701,0.01596213076185604,0.009106791341944299,-1.0,1.0,1.0,0.0033944723129184506,-0.000624985607200701,1.6427817552125714,2.6166359944632065
2018-08-31,104.64911651611328,0.0033944723129184506,-0.000624985607200701,0.008047766104350141,1.0,1.0,1.0,-0.005519528972587784,0.0033944723129184506,1.633714373719037,2.6255180928993975
2018-09-04,104.07150268554688,-0.005519528972587784,0.0033944723129184506,0.007164711970047888,-1.0,1.0,1.0,-0.028824428958291515,-0.005519528972587784,1.5866234898156328,2.611026469717586
2018-09-05,101.07170104980469,-0.028824428958291515,-0.005519528972587784,0.0038468523905898166,-1.0,1.0,1.0,0.002304254257541105,-0.028824428958291515,1.5902794737471553,2.5357651227329927
2018-09-06,101.30459594726562,0.002304254257541105,-0.028824428958291515,-0.0031224680926611017,1.0,-1.0,0.0,-0.0,0.002304254257541105,1.5902794737471553,2.5416081703131743
2018-09-07,100.81082916259766,-0.004874080786275492,0.002304254257541105,-0.005854043393524089,-1.0,-1.0,0.0,0.0,-0.004874080786275492,1.5902794737471553,2.52922016676401
2018-09-10,101.90084838867188,0.01081252118575593,-0.004874080786275492,-0.006703862429339047,1.0,-1.0,0.0,0.0,0.01081252118575593,1.5902794737471553,2.5565674134005874
2018-09-11,103.63365173339844,0.01700479801814092,0.01081252118575593,-0.005220252654771551,1.0,-1.0,0.0,0.0,0.01700479801814092,1.5902794737471553,2.6000413258852255
2018-09-12,104.07150268554688,0.0042249881657632216,0.01700479801814092,-0.0007153872566258102,1.0,-1.0,0.0,0.0,0.0042249881657632216,1.5902794737471553,2.611026469717586
2018-09-13,105.18946075439453,0.010742211268204516,0.0042249881657632216,0.005894496168185137,1.0,1.0,1.0,0.004074011671387101,0.010742211268204516,1.5967582908839686,2.6390746676821664
2018-09-14,105.61800384521484,0.004074011671387101,0.010742211268204516,0.007582087570317819,1.0,1.0,1.0,-0.010849663486199312,0.004074011671387101,1.5794340007590788,2.6498262886799657
2018-09-17,104.47208404541016,-0.010849663486199312,0.004074011671387101,0.009371706061850338,-1.0,1.0,1.0,0.009541993512916624,-0.010849663486199312,1.5945049497484018,2.621076565150904
2018-09-18,105.46895599365234,0.009541993512916624,-0.010849663486199312,0.0050392691274592895,1.0,1.0,1.0,-0.013338370939234956,0.009541993512916624,1.5732368512642114,2.6460868607324315
2018-09-19,104.06217193603516,-0.013338370939234956,0.009541993512916624,0.00354670822641443,-1.0,1.0,1.0,0.016741501258427993,-0.013338370939234956,1.5995751979894566,2.6107923726465465
2018-09-20,105.80432891845703,0.016741501258427993,-0.013338370939234956,3.403640541479458e-05,1.0,1.0,1.0,0.006075504119740449,0.016741501258427993,1.609293423694676,2.654500956438703
2018-09-21,106.4471435546875,0.006075504119740449,0.016741501258427993,0.0012338944034594901,1.0,1.0,1.0,0.003588312701042984,0.006075504119740449,1.6150680717266246,2.6706283879354014
2018-09-24,106.82910919189453,0.003588312701042984,0.006075504119740449,0.0016341928931301597,1.0,1.0,1.0,-0.0019186841023673962,0.003588312701042984,1.6119692662931615,2.680211437699596
2018-09-25,106.62413787841797,-0.0019186841023673962,0.003588312701042984,0.004521788130578619,-1.0,1.0,1.0,-0.004106418410183776,-0.0019186841023673962,1.6053498460214048,2.6750689586230987
2018-09-26,106.18629455566406,-0.004106418410183776,-0.0019186841023673962,0.002229652607521815,-1.0,1.0,1.0,0.0037726549337011583,-0.004106418410183776,1.611406277038314,2.6640840062028976
2018-09-27,106.58689880371094,0.0037726549337011583,-0.004106418410183776,0.004076043113332051,1.0,1.0,1.0,-0.00034987865194791024,0.0037726549337011583,1.6108424803823633,2.6741346758726934
2018-09-28,106.54960632324219,-0.00034987865194791024,0.0037726549337011583,0.0014822738483866837,-1.0,1.0,1.0,0.010842157948741438,-0.00034987865194791024,1.6283074889852114,2.673199053237172
2018-10-01,107.704833984375,0.010842157948741438,-0.00034987865194791024,0.00019719729404901187,1.0,1.0,1.0,-0.0039787950602844235,0.010842157948741438,1.621828787191413,2.7021822996007954
2018-10-02,107.27629852294922,-0.0039787950602844235,0.010842157948741438,0.0016479663435887027,-1.0,1.0,1.0,0.0001738150970074237,-0.0039787950602844235,1.622110685519388,2.691430870015156
2018-10-03,107.2949447631836,0.0001738150970074237,-0.0039787950602844235,0.0012359441520052971,1.0,1.0,1.0,-0.020665256240630314,0.0001738150970074237,1.5885893525524655,2.6918986813329164
2018-10-04,105.07766723632812,-0.020665256240630314,0.0001738150970074237,0.0020919908534435374,-1.0,1.0,1.0,-0.005851631556248016,-0.020665256240630314,1.57929351296715,2.636269905309357
2018-10-05,104.4627914428711,-0.005851631556248016,-0.020665256240630314,-0.002795591381422757,-1.0,-1.0,0.0,-0.0,-0.005851631556248016,1.57929351296715,2.6208434251406616
2018-10-08,103.27030181884766,-0.011415448577933085,-0.005851631556248016,-0.0038959419622827786,-1.0,-1.0,0.0,0.0,-0.011415448577933085,1.57929351296715,2.5909253217901544
2018-10-09,104.58390045166016,0.012720003812100478,-0.011415448577933085,-0.008347463267617683,1.0,-1.0,0.0,-0.0,0.012720003812100478,1.57929351296715,2.6238819017601926
2018-10-10,98.9010009765625,-0.05433818638007626,0.012720003812100478,-0.005007703493140702,-1.0,-1.0,0.0,-0.0,-0.05433818638007626,1.57929351296715,2.481304917943038
2018-10-11,98.6681137084961,-0.0023547513752828486,-0.05433818638007626,-0.01591010378855744,-1.0,-1.0,0.0,0.0,-0.0023547513752828486,1.57929351296715,2.4754620617750156
2018-10-12,102.07785034179688,0.034557634732680365,-0.0023547513752828486,-0.012248002815487945,1.0,-1.0,0.0,-0.0,0.034557634732680365,1.57929351296715,2.5610081755004446
2018-10-15,100.24250793457031,-0.0179798301108528,0.034557634732680365,-0.00416614955770227,-1.0,-1.0,0.0,0.0,-0.0179798301108528,1.57929351296715,2.5149616835924413
2018-10-16,103.4100570678711,0.031598861586426885,-0.0179798301108528,-0.005479025864286213,1.0,-1.0,0.0,-0.0,0.031598861586426885,1.57929351296715,2.594431609727446
2018-10-17,103.13987731933594,-0.002612702827906044,0.031598861586426885,-0.0017032543094209318,-1.0,-1.0,0.0,-0.0,-0.002612702827906044,1.57929351296715,2.5876531309239024
2018-10-18,101.08102416992188,-0.019961756819232512,-0.002612702827906044,0.008641842401013112,-1.0,1.0,1.0,0.0014743874431160098,-0.019961756819232512,1.5816220034916633,2.5359990283918736
2018-10-19,101.23005676269531,0.0014743874431160098,-0.019961756819232512,0.005120441312223179,1.0,1.0,1.0,0.008926906627809483,0.0014743874431160098,1.5957409954373223,2.539738073515089
2018-10-22,102.13372802734375,0.008926906627809483,0.0014743874431160098,-0.0014962081456896925,1.0,-1.0,0.0,-0.0,0.008926906627809483,1.5957409954373223,2.562410078156451
2018-10-23,100.70834350585938,-0.013956060833329897,0.008926906627809483,0.0038851392020427646,-1.0,1.0,1.0,-0.05346898843670522,-0.013956060833329897,1.5104183386043075,2.5266489272257617
2018-10-24,95.32357025146484,-0.05346898843670522,-0.013956060833329897,-0.005225845281908592,-1.0,-1.0,0.0,0.0,-0.05346898843670522,1.5104183386043075,2.391551564952314
2018-10-25,100.89466857910156,0.058444079601090104,-0.05346898843670522,-0.015397102403668428,1.0,-1.0,0.0,-0.0,0.058444079601090104,1.5104183386043075,2.5313235949844985
2018-10-26,99.64630889892578,-0.012372900350002825,0.058444079601090104,0.00028406488039609543,-1.0,1.0,1.0,-0.029076381834829745,-0.012372900350002825,1.4665008382607194,2.5000037803901445
2018-10-29,96.74895477294922,-0.029076381834829745,-0.012372900350002825,-0.0024853926782276714,-1.0,-1.0,0.0,-0.0,-0.029076381834829745,1.4665008382607194,2.427312715883003
2018-10-30,96.63716125488281,-0.0011555010421431255,-0.029076381834829745,-0.010086050370755517,-1.0,-1.0,0.0,0.0,-0.0011555010421431255,1.4665008382607194,2.4245079535101928
2018-10-31,99.5065689086914,0.029692590475008496,-0.0011555010421431255,-0.007525938412518163,1.0,-1.0,0.0,-0.0,0.029692590475008496,1.4665008382607194,2.496497875277172
2018-11-01,98.67741394042969,-0.008332665645647608,0.029692590475008496,0.009106377369824581,-1.0,1.0,1.0,0.002265838019101185,-0.008332665645647608,1.4698236916150944,2.4756953931974173
2018-11-02,98.9010009765625,0.002265838019101185,-0.008332665645647608,-0.004248971679522961,1.0,-1.0,0.0,0.0,0.002265838019101185,1.4698236916150944,2.4813049179430378
2018-11-05,100.15868377685547,0.012716583127313497,0.002265838019101185,-0.0013212240057021596,1.0,-1.0,0.0,0.0,0.012716583127313497,1.4698236916150944,2.5128586381962723
2018-11-06,100.35432434082031,0.0019533060598191376,0.012716583127313497,0.007037368986726489,1.0,1.0,1.0,0.039361645998879924,0.0019533060598191376,1.5276783714452147,2.51776702020173
2018-11-07,104.30443572998047,0.039361645998879924,0.0019533060598191376,0.007659130407118941,1.0,1.0,1.0,-0.001875888122869096,0.039361645998879924,1.5248126177326566,2.6168704743585653
2018-11-08,104.10877227783203,-0.001875888122869096,0.039361645998879924,0.009592941511893226,-1.0,1.0,1.0,-0.019507692691018375,-0.001875888122869096,1.4950670417745406,2.611961518116629
2018-11-09,102.07785034179688,-0.019507692691018375,-0.001875888122869096,0.01088429701644893,-1.0,1.0,1.0,-0.024642162799520584,-0.019507692691018375,1.4582253563349348,2.561008175500444
2018-11-12,99.56243133544922,-0.024642162799520584,-0.019507692691018375,0.006529590874425018,-1.0,1.0,1.0,0.0006553333537167028,-0.024642162799520584,1.4591809800481765,2.497899395108859
2018-11-13,99.62767791748047,0.0006553333537167028,-0.024642162799520584,-0.0009421583109417986,1.0,-1.0,0.0,-0.0,0.0006553333537167028,1.4591809800481765,2.4995363518967024
2018-11-14,98.21484375,-0.014181141195027003,0.0006553333537167028,-0.0012017528521622856,-1.0,-1.0,0.0,0.0,-0.014181141195027003,1.4591809800481765,2.4640900739683524
2018-11-15,100.37619018554688,0.02200631139879894,-0.014181141195027003,-0.01191031029094367,1.0,-1.0,0.0,0.0,0.02200631139879894,1.4591809800481765,2.5183156074507895
2018-11-16,101.32117462158203,0.00941442820541738,0.02200631139879894,-0.007133870386610064,1.0,-1.0,0.0,-0.0,0.00941442820541738,1.4591809800481765,2.542024108935717
2018-11-19,97.88736724853516,-0.0338903233788157,0.00941442820541738,-0.001349446207322913,-1.0,-1.0,0.0,-0.0,-0.0338903233788157,1.4591809800481765,2.4558740898471396
2018-11-20,95.16461944580078,-0.02781510913273766,-0.0338903233788157,-0.0031990783231819362,-1.0,-1.0,0.0,0.0,-0.02781510913273766,1.4591809800481765,2.387563684021779
2018-11-21,96.47455596923828,0.013764953099860255,-0.02781510913273766,-0.008893166820472809,1.0,-1.0,0.0,-0.0,0.013764953099860255,1.4591809800481765,2.4204283861552685
2018-11-23,96.43711853027344,-0.0003880550533632565,0.013764953099860255,-0.003303947961495357,-1.0,-1.0,0.0,0.0,-0.0003880550533632565,1.4591809800481765,2.419489126688717
2018-11-26,99.61830139160156,0.03298712062129372,-0.0003880550533632565,-0.007782821251927796,1.0,-1.0,0.0,0.0,0.03298712062129372,1.4591809800481765,2.499301106352706
2018-11-27,100.24520111083984,0.0062930175528082,0.03298712062129372,-0.003068282768752528,1.0,-1.0,0.0,0.0,0.0062930175528082,1.4591809800481765,2.515029252084737
2018-11-28,103.9690933227539,0.03714783521454157,0.0062930175528082,0.004968385417572252,1.0,1.0,1.0,-0.008369585564769078,0.03714783521454157,1.4469682399811796,2.6084571443009326
2018-11-29,103.09891510009766,-0.008369585564769078,0.03714783521454157,0.017960974287028097,-1.0,1.0,1.0,0.00635266629424569,-0.008369585564769078,1.456160346348152,2.586625439039673
2018-11-30,103.75386810302734,0.00635266629424569,-0.008369585564769078,0.01353406655410223,1.0,1.0,1.0,0.010821791562123373,0.00635266629424569,1.4719186100973611,2.6030574072820984
2018-12-03,104.87667083740234,0.010821791562123373,0.00635266629424569,0.01488221082362402,1.0,1.0,1.0,-0.03184965949254337,0.010821791562123373,1.4250385035650224,2.6312271519679467
2018-12-04,101.53638458251953,-0.03184965949254337,0.010821791562123373,0.010449145011789951,-1.0,1.0,1.0,0.006174138677636165,-0.03184965949254337,1.433836888907004,2.547423463130233
2018-12-06,102.16328430175781,0.006174138677636165,-0.03184965949254337,0.002820609602719637,1.0,1.0,1.0,-0.04002189273099499,0.006174138677636165,1.3764520227454242,2.5631516088622632
2018-12-07,98.07451629638672,-0.04002189273099499,0.006174138677636165,-0.003374129704661444,-1.0,-1.0,0.0,0.0,-0.04002189273099499,1.3764520227454242,2.4605694301191003
2018-12-10,100.6662368774414,0.026426034804213128,-0.04002189273099499,-0.009704591137906626,1.0,-1.0,0.0,0.0,0.026426034804213128,1.3764520227454242,2.5255925235176107
2018-12-11,101.60189819335938,0.009294688516638505,0.026426034804213128,-0.005689917435913139,1.0,-1.0,0.0,0.0,0.009294688516638505,1.3764520227454242,2.549067119343658
2018-12-12,102.06035614013672,0.004512297062647885,0.009294688516638505,-0.005995338045010112,1.0,-1.0,0.0,0.0,0.004512297062647885,1.3764520227454242,2.5605692674187646
2018-12-13,102.40653991699219,0.0033919514878051338,0.004512297062647885,0.0012770532660281385,1.0,1.0,1.0,-0.031246931488091434,0.0033919514878051338,1.333442120694053,2.5692545941550136
2018-12-14,99.20664978027344,-0.031246931488091434,0.0033919514878051338,0.0007206158280619324,-1.0,1.0,1.0,-0.02961452453216562,-0.031246931488091434,1.293952866298536,2.4889732718759876
2018-12-17,96.26869201660156,-0.02961452453216562,-0.031246931488091434,0.0024756080766426434,-1.0,1.0,1.0,0.010496721780485663,-0.02961452453216562,1.3075351295331337,2.4152635118561117
2018-12-18,97.2791976928711,0.010496721780485663,-0.02961452453216562,-0.008732503790633107,1.0,-1.0,0.0,-0.0,0.010496721780485663,1.3075351295331337,2.440615860966624
2018-12-19,97.01721954345703,-0.0026930541742457015,0.010496721780485663,-0.008492097137863674,-1.0,-1.0,0.0,-0.0,-0.0026930541742457015,1.3075351295331337,2.4340431502345177
2018-12-20,94.9775161743164,-0.021024137557631994,-0.0026930541742457015,-0.009933167385242391,-1.0,-1.0,0.0,-0.0,-0.021024137557631994,1.3075351295331337,2.3828694922227753
2018-12-21,91.9085922241211,-0.03231211000046352,-0.021024137557631994,-0.014816385194329817,-1.0,-1.0,0.0,-0.0,-0.03231211000046352,1.3075351295331337,2.305873951073324
2018-12-24,88.07242584228516,-0.041738930920423245,-0.03231211000046352,-0.015029420896804235,-1.0,-1.0,0.0,0.0,-0.041738930920423245,1.3075351295331337,2.2096292375182713
2018-12-26,94.08863067626953,0.0683097436734379,-0.041738930920423245,-0.01745430217445576,1.0,-1.0,0.0,0.0,0.0683097436734379,1.3075351295331337,2.3605684443464785
2018-12-27,94.66873931884766,0.006165555162282121,0.0683097436734379,-0.005891697795865314,1.0,-1.0,0.0,-0.0,0.006165555162282121,1.3075351295331337,2.375122659304439
2018-12-28,93.9295883178711,-0.007807762164098064,0.006165555162282121,-0.00411997592855975,-1.0,-1.0,0.0,0.0,-0.007807762164098064,1.3075351295331337,2.35657826647003
2018-12-31,95.03363800048828,0.011754013856431822,-0.007807762164098064,-0.0014767008498529632,1.0,-1.0,0.0,-0.0,0.011754013856431822,1.3075351295331337,2.3842775200678847
2019-01-02,94.61260223388672,-0.004430386707908629,0.011754013856431822,0.007336523921526106,-1.0,1.0,1.0,-0.03678797535340317,-0.004430386707908629,1.25943355941416,2.3737142486350105
2019-01-03,91.13199615478516,-0.03678797535340317,-0.004430386707908629,0.014798232764029029,-1.0,1.0,1.0,0.046509153356680155,-0.03678797535340317,1.3180087479715026,2.2863901073602038
2019-01-04,95.37046813964844,0.046509153356680155,-0.03678797535340317,-0.006221311041339184,1.0,-1.0,0.0,0.0,0.046509153356680155,1.3180087479715026,2.392728175496616
2019-01-07,95.49212646484375,0.0012756393836419466,0.046509153356680155,0.001847408597540423,1.0,1.0,1.0,0.007250439904815664,0.0012756393836419466,1.3275648911926914,2.395780433791629
2019-01-08,96.18448638916016,0.007250439904815664,0.0012756393836419466,0.0036640889070884254,1.0,1.0,1.0,0.014299727938867468,0.007250439904815664,1.346548707957939,2.4131508958519685
2019-01-09,97.55989837646484,0.014299727938867468,0.007250439904815664,0.0027633741167651937,1.0,1.0,1.0,-0.006426027679966473,0.014299727938867468,1.3378957486881782,2.447658297138086
2019-01-10,96.93297576904297,-0.006426027679966473,0.014299727938867468,0.006509397046120413,-1.0,1.0,1.0,-0.007721720848292146,-0.006426027679966473,1.3275648911926912,2.431929577169577
2019-01-11,96.18448638916016,-0.007721720848292146,-0.006426027679966473,0.012581786580807752,-1.0,1.0,1.0,-0.007295654914261318,-0.007721720848292146,1.3178794358702604,2.413150895851968
2019-01-14,95.48275756835938,-0.007295654914261318,-0.007721720848292146,0.001735611739813292,-1.0,1.0,1.0,0.029005404344634167,-0.007295654914261318,1.3561050617851556,2.3955453796597914
2019-01-15,98.25227355957031,0.029005404344634167,-0.007295654914261318,2.1352880232639038e-05,1.0,1.0,1.0,0.0035234174672362784,0.029005404344634167,1.360883186047257,2.4650291420227437
2019-01-16,98.59845733642578,0.0035234174672362784,0.029005404344634167,0.00437234576819634,1.0,1.0,1.0,0.007022325304056665,0.0035234174672362784,1.370439750480502,2.473714468758993
2019-01-17,99.29084777832031,0.007022325304056665,0.0035234174672362784,0.0022170836738701015,1.0,1.0,1.0,0.014982960985074012,0.007022325304056665,1.3909729957943457,2.4910856964679704
2019-01-18,100.77851867675781,0.014982960985074012,0.007022325304056665,0.004906754270674729,1.0,1.0,1.0,-0.01884688008592772,0.014982960985074012,1.364757494539846,2.528409536268626
2019-01-22,98.87915802001953,-0.01884688008592772,0.014982960985074012,0.00944769063734796,-1.0,1.0,1.0,0.009746464758617623,-0.01884688008592772,1.3780590553644378,2.480756904930455
2019-01-23,99.84288024902344,0.009746464758617623,-0.01884688008592772,0.007137445603014681,1.0,1.0,1.0,-0.004779466883926942,0.009746464758617623,1.3714726677452278,2.504935514679057
2019-01-24,99.36568450927734,-0.004779466883926942,0.009746464758617623,0.0032856576858113717,-1.0,1.0,1.0,0.00913363491366237,-0.004779466883926942,1.3839991983864792,2.492963258340276
2019-01-25,100.27325439453125,0.00913363491366237,-0.004779466883926942,0.0016250808155787277,1.0,1.0,1.0,-0.019501383852838616,0.00913363491366237,1.3570092987667235,2.51573307459513
2019-01-28,98.31778717041016,-0.019501383852838616,0.00913363491366237,0.0020473427374998686,-1.0,1.0,1.0,-0.020365478882156784,-0.019501383852838616,1.3293731545497993,2.4666727982361687
2019-01-29,96.31549835205078,-0.020365478882156784,-0.019501383852838616,-0.004849526230082657,-1.0,-1.0,0.0,0.0,-0.020365478882156784,1.3293731545497993,2.4164378254544996
2019-01-30,99.53410339355469,0.033417311819737616,-0.020365478882156784,-0.00515324598932847,1.0,-1.0,0.0,-0.0,0.033417311819737616,1.3293731545497993,2.497188681760721
2019-01-31,97.7095718383789,-0.018330717743662572,0.033417311819737616,-0.0004190765771044713,-1.0,-1.0,0.0,-0.0,-0.018330717743662572,1.3293731545497993,2.4514134208826968
2019-02-01,96.165771484375,-0.015799888638929893,-0.018330717743662572,-0.0031293267490515976,-1.0,-1.0,0.0,0.0,-0.015799888638929893,1.3293731545497993,2.412681361824772
2019-02-04,98.9352798461914,0.02879931517282519,-0.015799888638929893,-0.00811603145957005,1.0,-1.0,0.0,0.0,0.02879931517282519,1.3293731545497993,2.482164932775565
2019-02-05,100.320068359375,0.013996913086377738,0.02879931517282519,0.0015441083455627115,1.0,1.0,1.0,-0.011098662484090194,0.013996913086377738,1.3146188905920408,2.5169075796056792
2019-02-06,99.20664978027344,-0.011098662484090194,0.013996913086377738,0.008416586739269616,-1.0,1.0,1.0,-0.007167997081336974,-0.011098662484090194,1.3051957062212067,2.4889732718759876
2019-02-07,98.49553680419922,-0.007167997081336974,-0.011098662484090194,-0.00048660812149594614,-1.0,-1.0,0.0,0.0,-0.007167997081336974,1.3051957062212067,2.471132318727655
2019-02-08,98.86978912353516,0.0037996881024153772,-0.007167997081336974,0.0017459360109691735,1.0,1.0,1.0,-0.0039746706956622635,0.0037996881024153772,1.300007983095585,2.480521850798618
2019-02-11,98.47681427001953,-0.0039746706956622635,0.0037996881024153772,0.005665851359238227,-1.0,1.0,1.0,0.015582194394243354,-0.0039746706956622635,1.3202649602022487,2.470662593288299
2019-02-12,100.01129913330078,0.015582194394243354,-0.0039746706956622635,-0.0008889458144592632,1.0,-1.0,0.0,-0.0,0.015582194394243354,1.3202649602022487,2.5091609380995026
2019-02-13,99.93643188476562,-0.0007485879014067498,0.015582194394243354,-0.0005718895528861401,-1.0,-1.0,0.0,0.0,-0.0007485879014067498,1.3202649602022487,2.507282610578559
2019-02-14,100.02064514160156,0.0008426682366751148,-0.0007485879014067498,0.0014981253636505488,1.0,1.0,1.0,0.012348143457321603,0.0008426682366751148,1.336567781332501,2.5093954179948614
2019-02-15,101.2557144165039,0.012348143457321603,0.0008426682366751148,0.0031002584272529663,1.0,1.0,1.0,-0.00046210800970392096,0.012348143457321603,1.335950142655235,2.5403817926074077
2019-02-19,101.20892333984375,-0.00046210800970392096,0.012348143457321603,0.004809949498234212,-1.0,1.0,1.0,-0.005199290559019465,-0.00046210800970392096,1.3290041496912068,2.539207861833338
2019-02-20,100.68270874023438,-0.005199290559019465,-0.00046210800970392096,0.00551246203542588,-1.0,1.0,1.0,0.021092116777214676,-0.005199290559019465,1.3570356604138967,2.5260057823699196
2019-02-21,102.80632019042969,0.021092116777214676,-0.005199290559019465,0.0013561650447733165,1.0,1.0,1.0,0.014258150074619502,0.021092116777214676,1.3763844785166883,2.5792845913115854
2019-02-22,104.27214813232422,0.014258150074619502,0.021092116777214676,0.005724305980497601,1.0,1.0,1.0,0.005587115800730791,0.014258150074619502,1.3840744979844894,2.6160604180996594
2019-02-25,104.85472869873047,0.005587115800730791,0.014258150074619502,0.00840740234808648,1.0,1.0,1.0,0.0069002705929972485,0.005587115800730791,1.3936249865414492,2.6306766505972905
2019-02-26,105.57825469970703,0.0069002705929972485,0.005587115800730791,0.007055196816768317,1.0,1.0,1.0,-0.001690880410407214,0.0069002705929972485,1.3912685333522523,2.6488290313290914
2019-02-27,105.39973449707031,-0.001690880410407214,0.0069002705929972485,0.00852767253730855,-1.0,1.0,1.0,-0.0012482126252465475,-0.001690880410407214,1.3895319344038137,2.6443501782094994
2019-02-28,105.26817321777344,-0.0012482126252465475,-0.001690880410407214,0.009229354567031,-1.0,1.0,1.0,0.004462986973925442,-0.0012482126252465475,1.3957333973269113,2.6410494669314852
2019-03-01,105.73798370361328,0.004462986973925442,-0.0012482126252465475,0.004761288686538756,1.0,1.0,1.0,-0.002399329431690189,0.004462986973925442,1.3923845731079119,2.6528364362998933
2019-03-04,105.48428344726562,-0.002399329431690189,0.004462986973925442,0.002802256066399944,-1.0,1.0,1.0,-0.0049883422840790725,-0.002399329431690189,1.3854388822661783,2.646471407760819
2019-03-05,104.95809173583984,-0.0049883422840790725,-0.002399329431690189,0.001204967019915748,-1.0,1.0,1.0,0.0004477698625731108,-0.0049883422840790725,1.386059240044094,2.6332699025338795
2019-03-06,105.00508880615234,0.0004477698625731108,-0.0049883422840790725,-0.0011727555554995161,1.0,-1.0,0.0,-0.0,0.0004477698625731108,1.386059240044094,2.634449001436255
2019-03-07,103.72716522216797,-0.01217011097760723,0.0004477698625731108,-0.0007450255009034512,-1.0,-1.0,0.0,0.0,-0.01217011097760723,1.386059240044094,2.6023874647239293
2019-03-08,103.83991241455078,0.001086959160035983,-0.01217011097760723,-0.0029294051713755877,1.0,-1.0,0.0,0.0,0.001086959160035983,1.386059240044094,2.605216153616674
2019-03-11,106.01988983154297,0.020993636900320745,0.001086959160035983,-0.0036046107341534796,1.0,-1.0,0.0,0.0,0.020993636900320745,1.386059240044094,2.6599091155925527
2019-03-12,106.76220703125,0.007001678655641941,0.020993636900320745,0.0010739825322487074,1.0,1.0,1.0,0.007745004550672618,0.007001678655641941,1.3967942751657374,2.6785329444731447
2019-03-13,107.58908081054688,0.007745004550672618,0.007001678655641941,0.00347198672019291,1.0,1.0,1.0,0.0007861343096924323,0.007745004550672618,1.397892343069027,2.6992781943172157
2019-03-14,107.67366027832031,0.0007861343096924323,0.007745004550672618,0.004931433657812812,1.0,1.0,1.0,0.011519448519882625,0.0007861343096924323,1.4139952919513488,2.701400189517173
2019-03-15,108.91400146484375,0.011519448519882625,0.0007861343096924323,0.007522682715272744,1.0,1.0,1.0,0.014321243500087233,0.011519448519882625,1.434245462835361,2.732518829931917
2019-03-18,110.47378540039062,0.014321243500087233,0.011519448519882625,0.009609180587242073,1.0,1.0,1.0,0.0006805239219282999,0.014321243500087233,1.4352215011827376,2.7716518974639457
2019-03-19,110.54896545410156,0.0006805239219282999,0.014321243500087233,0.00827470190719537,1.0,1.0,1.0,-0.0011049785526084932,0.0006805239219282999,1.4336356122056881,2.773538072883428
2019-03-20,110.42681121826172,-0.0011049785526084932,0.0006805239219282999,0.0070104709604526414,-1.0,1.0,1.0,0.022974792562289625,-0.0011049785526084932,1.466573093006025,2.770473372798049
2019-03-21,112.9638442993164,0.022974792562289625,-0.0011049785526084932,0.0052404743397964195,1.0,1.0,1.0,-0.02636833255247717,0.022974792562289625,1.427902005977127,2.834124423837431
2019-03-22,109.98517608642578,-0.02636833255247717,0.022974792562289625,0.009678205990315858,-1.0,1.0,1.0,0.005211440057097727,-0.02636833255247717,1.4353434316886864,2.759393288534588
2019-03-25,110.55835723876953,0.005211440057097727,-0.02636833255247717,0.002100649775843899,1.0,1.0,1.0,0.002124889716829781,0.005211440057097727,1.4383933781868008,2.7737737012517436
2019-03-26,110.79328155517578,0.002124889716829781,0.005211440057097727,0.00027868908724599796,1.0,1.0,1.0,-0.009668640398702744,0.002124889716829781,1.4244860698612374,2.7796676644663463
2019-03-27,109.72206115722656,-0.009668640398702744,0.002124889716829781,0.0005675622462262941,-1.0,1.0,1.0,0.0013705116785533988,-0.009668640398702744,1.4264383446559188,2.752792057390719
2019-03-28,109.8724365234375,0.0013705116785533988,-0.009668640398702744,-0.0011451701229925559,1.0,-1.0,0.0,0.0,0.0013705116785533988,1.4264383446559188,2.7565647910540023
2019-03-29,110.82146453857422,0.008637544093547778,0.0013705116785533988,-0.005466026299739801,1.0,-1.0,0.0,0.0,0.008637544093547778,1.4264383446559188,2.7803747409834525
2019-04-01,111.83625030517578,0.009156942392223533,0.008637544093547778,0.001535149029465188,1.0,1.0,1.0,0.001428581076734492,0.009156942392223533,1.4284761274822226,2.8058344723154316
2019-04-02,111.99601745605469,0.001428581076734492,0.009156942392223533,0.0023242494964903493,1.0,1.0,1.0,0.006544209621798913,0.001428581076734492,1.4378243747002017,2.8098428343470307
2019-04-03,112.72894287109375,0.006544209621798913,0.001428581076734492,0.0021849877684712916,1.0,1.0,1.0,-0.0050845961804075746,0.006544209621798913,1.4305136183765041,2.828231034859307
2019-04-04,112.15576171875,-0.0050845961804075746,0.006544209621798913,0.0054275577725716225,-1.0,1.0,1.0,0.004440331200069592,-0.0050845961804075746,1.4368655726283057,2.8138506221421515
2019-04-05,112.65377044677734,0.004440331200069592,-0.0050845961804075746,0.004136536200779428,1.0,1.0,1.0,0.00033347431269170613,0.004440331200069592,1.4373447303875684,2.8263450508519847
2019-04-08,112.69133758544922,0.00033347431269170613,0.004440331200069592,0.003297093622083791,1.0,1.0,1.0,-0.005419723764899409,0.00033347431269170613,1.429554718993934,2.827287564325247
2019-04-09,112.08058166503906,-0.005419723764899409,0.00033347431269170613,0.0015324000061774257,-1.0,1.0,1.0,0.007628946513239088,-0.005419723764899409,1.4404607154828872,2.8119644467226688
2019-04-10,112.93563842773438,0.007628946513239088,-0.005419723764899409,0.00016273903785064548,1.0,1.0,1.0,0.0011649901707120325,0.007628946513239088,1.4421388380577216,2.833416773083846
2019-04-11,113.06720733642578,0.0011649901707120325,0.007628946513239088,0.0003796864161386804,1.0,1.0,1.0,0.005152448271569243,0.0011649901707120325,1.449569383821235,2.836717675774019
2019-04-12,113.6497802734375,0.005152448271569243,0.0011649901707120325,0.0016296036863626018,1.0,1.0,1.0,0.000826849398347429,0.005152448271569243,1.4507679593941103,2.8513337168594908
2019-04-15,113.7437515258789,0.000826849398347429,0.005152448271569243,0.0017720271006625321,1.0,1.0,1.0,-0.0023130911973683332,0.000826849398347429,1.4474122007978119,2.8536913404277637
2019-04-16,113.48065185546875,-0.0023130911973683332,0.000826849398347429,0.0018707021177936766,-1.0,1.0,1.0,0.008280144809755585,-0.0023130911973683332,1.4593969834198248,2.847090492108214
2019-04-17,114.4202880859375,0.008280144809755585,-0.0023130911973683332,0.002492028631299892,1.0,1.0,1.0,0.013139568626237663,0.008280144809755585,1.4785728302363939,2.870664813669348
2019-04-18,115.92372131347656,0.013139568626237663,0.008280144809755585,0.0026222682906031913,1.0,1.0,1.0,0.0031612400237615024,0.013139568626237663,1.4832469538453834,2.908384110991482
2019-04-22,116.2901840209961,0.0031612400237615024,0.013139568626237663,0.005017183981708318,1.0,1.0,1.0,0.013574579886995286,0.0031612400237615024,1.5033814081124999,2.9175782112476205
2019-04-23,117.8687744140625,0.013574579886995286,0.0031612400237615024,0.004618942332146769,1.0,1.0,1.0,-0.003427793732478146,0.013574579886995286,1.4982281267442477,2.957183109752758
2019-04-24,117.4647445678711,-0.003427793732478146,0.013574579886995286,0.007168488429876341,-1.0,1.0,1.0,0.03311722351657753,-0.003427793732478146,1.5478452824964601,2.9470464960233573
2019-04-25,121.35485076904297,0.03311722351657753,-0.003427793732478146,0.006945547922854378,1.0,1.0,1.0,0.005729707171840959,0.03311722351657753,1.5567139827124803,3.0446444935459094
2019-04-26,122.05017852783203,0.005729707171840959,0.03311722351657753,0.011912963664218767,1.0,1.0,1.0,-0.000923777365529177,0.005729707171840959,1.5552759255706476,3.0620894149362856
2019-04-29,121.93743133544922,-0.000923777365529177,0.005729707171840959,0.010430991373339426,-1.0,1.0,1.0,0.006395962404825317,-0.000923777365529177,1.5652234119197275,3.059260726043541
2019-04-30,122.71733856201172,0.006395962404825317,-0.000923777365529177,0.00961398789548129,1.0,1.0,1.0,-0.020827045049405912,0.006395962404825317,1.5326244334072905,3.078827642633874
2019-05-01,120.1614990234375,-0.020827045049405912,0.006395962404825317,0.008178264399047296,-1.0,1.0,1.0,-0.013059143324159916,-0.020827045049405912,1.5126096712693153,3.0147047606213824
2019-05-02,118.59229278564453,-0.013059143324159916,-0.020827045049405912,0.004698414135661744,-1.0,1.0,1.0,0.021313448955551095,-0.013059143324159916,1.5448486002875867,2.9753352990724005
2019-05-03,121.11990356445312,0.021313448955551095,-0.013059143324159916,-0.004536859232485746,1.0,-1.0,0.0,-0.0,0.021313448955551095,1.5448486002875867,3.0387499560948292
2019-05-06,120.4151840209961,-0.005818362818312717,0.021313448955551095,-0.0014201108757437187,-1.0,-1.0,0.0,-0.0,-0.005818362818312717,1.5448486002875867,3.021069406336138
2019-05-07,117.94395446777344,-0.02052257423608439,-0.005818362818312717,-0.0023990279663004266,-1.0,-1.0,0.0,-0.0,-0.02052257423608439,1.5448486002875867,2.959069285172241
2019-05-08,117.93456268310547,-7.962921635407127e-05,-0.02052257423608439,-0.007782735294482368,-1.0,-1.0,0.0,-0.0,-7.962921635407127e-05,1.5448486002875867,2.9588336568039253
2019-05-09,117.92515563964844,-7.976494119288358e-05,-7.962921635407127e-05,-0.003633252127872,-1.0,-1.0,0.0,0.0,-7.976494119288358e-05,1.5448486002875867,2.958597645611291
2019-05-10,119.45677947998047,0.012988101071601088,-7.976494119288358e-05,-0.0010373764512785933,1.0,-1.0,0.0,-0.0,0.012988101071601088,1.5448486002875867,2.9970242108626914
2019-05-13,115.90493774414062,-0.02973327885869459,0.012988101071601088,-0.0027024460280685946,-1.0,-1.0,0.0,0.0,-0.02973327885869459,1.5448486002875867,2.907912854254852
2019-05-14,117.20164489746094,0.011187678269434675,-0.02973327885869459,-0.007485429236144969,1.0,-1.0,0.0,0.0,0.011187678269434675,1.5448486002875867,2.940445647703809
2019-05-15,118.85208892822266,0.014082089310313739,0.011187678269434675,-0.0011433787350411562,1.0,-1.0,0.0,0.0,0.014082089310313739,1.5448486002875867,2.981853265926897
2019-05-16,121.59657287597656,0.02309159201578148,0.014082089310313739,0.001688964970292406,1.0,1.0,1.0,-0.006670198707408592,0.02309159201578148,1.5345441531508066,3.0507090049946064
2019-05-17,120.7854995727539,-0.006670198707408592,0.02309159201578148,0.0063232363616872785,-1.0,1.0,1.0,-0.01444516304956478,-0.006670198707408592,1.5123774126517868,3.0303601697328117
2019-05-20,119.04073333740234,-0.01444516304956478,-0.006670198707408592,0.002391576405885343,-1.0,1.0,1.0,0.005387329425215359,-0.01444516304956478,1.5205250879889969,2.9865861229821147
2019-05-21,119.68204498291016,0.005387329425215359,-0.01444516304956478,0.005449199567711305,1.0,1.0,1.0,0.006067776654056445,0.005387329425215359,1.5297512946198037,3.0026758462833962
2019-05-22,120.40824890136719,0.006067776654056445,0.005387329425215359,0.004289129798867442,1.0,1.0,1.0,-0.01167084332616275,0.006067776654056445,1.5118978069323015,3.0208954126831737
2019-05-23,119.00298309326172,-0.01167084332616275,0.006067776654056445,0.0026862672676159828,-1.0,1.0,1.0,0.0004755750415808002,-0.01167084332616275,1.5126168277946992,2.9856390156170245
2019-05-24,119.05957794189453,0.0004755750415808002,-0.01167084332616275,-0.004266219800772864,1.0,-1.0,0.0,-0.0,0.0004755750415808002,1.5126168277946992,2.987058911016022
2019-05-28,118.984130859375,-0.0006336918358332833,0.0004755750415808002,-0.0028370650509749852,-1.0,-1.0,0.0,-0.0,-0.0006336918358332833,1.5126168277946992,2.985166036170958
2019-05-29,117.8335189819336,-0.009670296947424828,-0.0006336918358332833,-7.477080822868576e-05,-1.0,-1.0,0.0,0.0,-0.009670296947424828,1.5126168277946992,2.956298594163818
2019-05-30,118.57859802246094,0.0063231502119662775,-0.009670296947424828,-0.003086296082756723,1.0,-1.0,0.0,-0.0,0.0063231502119662775,1.5126168277946992,2.9749917142461406
2019-05-31,116.64519500732422,-0.016304822686219467,0.0063231502119662775,-0.0030352213711747566,-1.0,-1.0,0.0,-0.0,-0.016304822686219467,1.5126168277946992,2.9264850018523854
2019-06-03,113.02361297607422,-0.031047845828733878,-0.016304822686219467,-0.0039620172431861,-1.0,-1.0,0.0,0.0,-0.031047845828733878,1.5126168277946992,2.8356239466947706
2019-06-04,116.15477752685547,0.02770363173086743,-0.031047845828733878,-0.010266701417249035,1.0,-1.0,0.0,0.0,0.02770363173086743,1.5126168277946992,2.9141810282412313
2019-06-05,118.67292785644531,0.021679266089658977,0.02770363173086743,-0.0045992367039088934,1.0,-1.0,0.0,0.0,0.021679266089658977,1.5126168277946992,2.977358334185909
2019-06-06,120.54972839355469,0.01581490042429623,0.021679266089658977,0.0016706759035078679,1.0,1.0,1.0,0.028008073569426806,0.01581490042429623,1.5549823111899261,3.0244449597685077
2019-06-07,123.92609405517578,0.028008073569426806,0.01581490042429623,0.0035690259459738582,1.0,1.0,1.0,0.009132290778669061,0.028008073569426806,1.5691828618113994,3.109153836708386
2019-06-10,125.05782318115234,0.009132290778669061,0.028008073569426806,0.012431605197103113,1.0,1.0,1.0,-0.0037704726310991976,0.009132290778669061,1.5632663007777496,3.137547533620822
2019-06-11,124.58629608154297,-0.0037704726310991976,0.009132290778669061,0.0204676325185837,-1.0,1.0,1.0,-0.004618006065607139,-0.0037704726310991976,1.5560471275185987,3.1257174965165317
2019-06-12,124.01095581054688,-0.004618006065607139,-0.0037704726310991976,0.014172811646190376,-1.0,1.0,1.0,0.006312458611115179,-0.004618006065607139,1.5658696106080046,3.111282914158244
2019-06-13,124.79376983642578,0.006312458611115179,-0.004618006065607139,0.008913357215137151,1.0,1.0,1.0,0.0009824558571944753,0.006312458611115179,1.5674080083785493,3.1309227587813377
2019-06-14,124.91637420654297,0.0009824558571944753,0.006312458611115179,0.007012868852500942,1.0,1.0,1.0,0.0030198425594663014,0.0009824558571944753,1.5721413337902992,3.133998752184126
2019-06-17,125.2936019897461,0.0030198425594663014,0.0009824558571944753,0.0016077453100544759,1.0,1.0,1.0,0.017387870031590147,0.0030198425594663014,1.5994775229735356,3.1434629349972862
2019-06-18,127.4721908569336,0.017387870031590147,0.0030198425594663014,0.0003852556662139239,1.0,1.0,1.0,0.003921765785144693,0.017387870031590147,1.6057502991972412,3.19812105996014
2019-06-19,127.97210693359375,0.003921765785144693,0.017387870031590147,0.0046169241987517925,1.0,1.0,1.0,0.009285923799121854,0.003921765785144693,1.620661174116004,3.2106633417098425
2019-06-20,129.1604461669922,0.009285923799121854,0.003921765785144693,0.006324878568902159,1.0,1.0,1.0,0.00014590073858844477,0.009285923799121854,1.620897629778309,3.240477316845594
2019-06-21,129.17929077148438,0.00014590073858844477,0.009285923799121854,0.006919571606503494,1.0,1.0,1.0,0.005913846783340393,0.00014590073858844477,1.6304833700122976,3.240950104879501
2019-06-24,129.9432373046875,0.005913846783340393,0.00014590073858844477,0.006752260582782288,1.0,1.0,1.0,-0.03157260015312424,0.005913846783340393,1.5790047705145809,3.260116587232209
2019-06-25,125.84059143066406,-0.03157260015312424,0.005913846783340393,0.007331061427557106,-1.0,1.0,1.0,0.0037475647467852813,-0.03157260015312424,1.5849221931275672,3.1571862297709585
2019-06-26,126.31218719482422,0.0037475647467852813,-0.03157260015312424,-0.0024610326093857716,1.0,-1.0,0.0,0.0,0.0037475647467852813,1.5849221931275672,3.169017989584684
2019-06-27,126.5196533203125,0.0016424870006270798,0.0037475647467852813,-0.002495872817057654,1.0,-1.0,0.0,-0.0,0.0016424870006270798,1.5849221931275672,3.1742230604373303
2019-06-28,126.34048461914062,-0.001416133355331528,0.0016424870006270798,-0.004024560176756608,-1.0,-1.0,0.0,0.0,-0.001416133355331528,1.5849221931275672,3.1697279372841822
2019-07-01,127.96263885498047,0.012839544194641173,-0.001416133355331528,-0.004336966995540603,1.0,-1.0,0.0,0.0,0.012839544194641173,1.5849221931275672,3.2104257992199314
2019-07-02,128.81146240234375,0.006633370138023231,0.012839544194641173,-0.0029518275132804474,1.0,-1.0,0.0,0.0,0.006633370138023231,1.5849221931275672,3.2317217418468163
2019-07-03,129.641357421875,0.006442710951755748,0.006633370138023231,0.004689366544949047,1.0,1.0,1.0,-0.002909544246729401,0.006442710951755748,1.5803107918790391,3.25254279090604
2019-07-05,129.26416015625,-0.002909544246729401,0.006442710951755748,0.005228395785943141,-1.0,1.0,1.0,-0.0007298627296181692,-0.002909544246729401,1.5791573819308333,3.243079373741518
2019-07-08,129.16981506347656,-0.0007298627296181692,-0.002909544246729401,0.004317989536471845,-1.0,1.0,1.0,-0.003650561535345598,-0.0007298627296181692,1.5733925707340997,3.240712370977431
2019-07-09,128.69827270507812,-0.003650561535345598,-0.0007298627296181692,0.004455243661614516,-1.0,1.0,1.0,0.010186060132529207,-0.003650561535345598,1.589419242071672,3.228881951048822
2019-07-10,130.0092010498047,0.010186060132529207,-0.003650561535345598,0.0011572225156171623,1.0,1.0,1.0,0.003990125680097822,0.010186060132529207,1.5957612246059039,3.2617715367630433
2019-07-11,130.5279541015625,0.003990125680097822,0.010186060132529207,0.0018677605145183574,1.0,1.0,1.0,0.0036123437624207,0.003990125680097822,1.6015256627119219,3.2747864151344936
2019-07-12,130.9994659423828,0.0036123437624207,0.003990125680097822,0.0013772434601867722,1.0,1.0,1.0,0.0,0.0036123437624207,1.6015256627119219,3.286616069414465
2019-07-15,130.9994659423828,0.0,0.0036123437624207,0.0026816210620167922,0.0,1.0,1.0,-0.013103043488541521,0.0,1.5805408023053922,3.286616069414465
2019-07-16,129.28297424316406,-0.013103043488541521,0.0,0.002827593607940426,-1.0,1.0,1.0,-0.005908631840493617,-0.013103043488541521,1.5712019685956913,3.243551396126788
2019-07-17,128.5190887451172,-0.005908631840493617,-0.013103043488541521,0.0009370972173012415,-1.0,1.0,1.0,0.0011008441902984334,-0.005908631840493617,1.5729316171546053,3.2243864450713557
2019-07-18,128.6605682373047,0.0011008441902984334,-0.005908631840493617,-0.0022818411773033232,1.0,-1.0,0.0,0.0,0.0011008441902984334,1.5729316171546053,3.2279359921566897
2019-07-19,128.8491668701172,0.0014658619606331413,0.0011008441902984334,-0.0028596974752632008,1.0,-1.0,0.0,0.0,0.0014658619606331413,1.5729316171546053,3.2326677007389506
2019-07-22,130.5562286376953,0.013248527786748454,0.0014658619606331413,-0.003288993835620713,1.0,-1.0,0.0,0.0,0.013248527786748454,1.5729316171546053,3.2754957885975147
2019-07-23,131.36732482910156,0.0062126196495542185,0.013248527786748454,-0.0006392882782710219,1.0,-1.0,0.0,0.0,0.0062126196495542185,1.5729316171546053,3.2958451980957877
2019-07-24,132.71597290039062,0.01026623685184691,0.0062126196495542185,0.003223844349348126,1.0,1.0,1.0,-0.0037662942989125092,0.01026623685184691,1.5670074937723366,3.3296811255264616
2019-07-25,132.21612548828125,-0.0037662942989125092,0.01026623685184691,0.006458818087816232,-1.0,1.0,1.0,0.008203080099103088,-0.0037662942989125092,1.5798617817596459,3.3171405664861946
2019-07-26,133.3007049560547,0.008203080099103088,-0.0037662942989125092,0.005485390389974043,1.0,1.0,1.0,-0.0021933391674331393,0.008203080099103088,1.5763966090345818,3.344351336253065
2019-07-29,133.00833129882812,-0.0021933391674331393,0.008203080099103088,0.006832834017668032,-1.0,1.0,1.0,-0.00482147532005317,-0.0021933391674331393,1.568796051689506,3.3370160394776036
2019-07-30,132.36703491210938,-0.00482147532005317,-0.0021933391674331393,0.003744460626831714,-1.0,1.0,1.0,-0.029070275462067974,-0.00482147532005317,1.5231907183230875,3.320926699000641
2019-07-31,128.5190887451172,-0.029070275462067974,-0.00482147532005317,0.0015376416329102361,-1.0,1.0,1.0,0.01313580667884251,-0.029070275462067974,1.5431990571339869,3.224386445071356
2019-08-01,130.20729064941406,0.01313580667884251,-0.029070275462067974,-0.006329660829872741,1.0,-1.0,0.0,-0.0,0.01313580667884251,1.5431990571339869,3.2667413620716936
2019-08-02,129.11322021484375,-0.008402528223370509,0.01313580667884251,-0.002949240634321737,-1.0,-1.0,0.0,-0.0,-0.008402528223370509,1.5431990571339869,3.2392924755784342
2019-08-05,124.69001770019531,-0.03425832387487704,-0.008402528223370509,-0.006270362298816457,-1.0,-1.0,0.0,0.0,-0.03425832387487704,1.5431990571339869,3.128319744824616
2019-08-06,127.0289306640625,0.018757820449515572,-0.03425832387487704,-0.012683359240305236,1.0,-1.0,0.0,0.0,0.018757820449515572,1.5431990571339869,3.1870002049067105
2019-08-07,127.58540344238281,0.004380677499300933,0.018757820449515572,-0.007967500086391488,1.0,-1.0,0.0,0.0,0.004380677499300933,1.5431990571339869,3.200961424994613
2019-08-08,130.99008178710938,0.026685484803628867,0.004380677499300933,-0.0012773094941177065,1.0,-1.0,0.0,-0.0,0.026685484803628867,1.5431990571339869,3.2863806324583087
2019-08-09,129.87718200683594,-0.008496061419994927,0.026685484803628867,0.0014326261308395649,-1.0,1.0,1.0,-0.013942568703929958,-0.008496061419994927,1.5216828982560564,3.258459340755461
2019-08-12,128.0663604736328,-0.013942568703929958,-0.008496061419994927,0.0014139194915146814,-1.0,1.0,1.0,0.020694017615007443,-0.013942568703929958,1.5531726309570228,3.2130280475280157
2019-08-13,130.71656799316406,0.020694017615007443,-0.013942568703929958,0.005477070525704097,1.0,1.0,1.0,-0.03011454547937753,0.020694017615007443,1.5063995431247432,3.2795185065410735
2019-08-14,126.78009796142578,-0.03011454547937753,0.020694017615007443,0.005864309958802471,-1.0,1.0,1.0,-0.0022389890644827215,-0.03011454547937753,1.503026731020945,3.180757297325382
2019-08-15,126.4962387084961,-0.0022389890644827215,-0.03011454547937753,-0.001034734636933221,-1.0,-1.0,0.0,0.0,-0.0022389890644827215,1.503026731020945,3.173635616519897
2019-08-16,128.8145751953125,0.01832731558255185,-0.0022389890644827215,-0.006819629410555539,1.0,-1.0,0.0,0.0,0.01832731558255185,1.503026731020945,3.2317998380078836
2019-08-19,130.97203063964844,0.016748535179848645,0.01832731558255185,-0.0014549540100461833,1.0,-1.0,0.0,-0.0,0.016748535179848645,1.503026731020945,3.285927751288988
2019-08-20,129.88385009765625,-0.008308495612976863,0.016748535179848645,0.004683266766709537,-1.0,1.0,1.0,0.011146527494846126,-0.008308495612976863,1.5197802598037586,3.2586266349828445
2019-08-21,131.33160400390625,0.011146527494846126,-0.008308495612976863,-0.0011172358788873239,1.0,-1.0,0.0,-0.0,0.011146527494846126,1.5197802598037586,3.2949490063651186
2019-08-22,130.37594604492188,-0.0072766792595935215,0.011146527494846126,0.007134978715957407,-1.0,1.0,1.0,-0.031862753703689406,-0.0072766792595935215,1.4713558757019023,3.2709727192690834
2019-08-23,126.22180938720703,-0.031862753703689406,-0.0072766792595935215,0.006127440676935247,-1.0,1.0,1.0,0.01544322780053009,-0.031862753703689406,1.4940783596660152,3.1667505211435256
2019-08-26,128.17108154296875,0.01544322780053009,-0.031862753703689406,-0.003910573180313004,1.0,-1.0,0.0,0.0,0.01544322780053009,1.4940783596660152,3.2156553708289923
2019-08-27,128.44554138183594,0.0021413554099969367,0.01544322780053009,-0.004171634656176715,1.0,-1.0,0.0,-0.0,0.0021413554099969367,1.4940783596660152,3.2225412318540028
2019-08-28,128.2752227783203,-0.0013259985647092742,0.0021413554099969367,-0.002081664451581955,-1.0,-1.0,0.0,0.0,-0.0013259985647092742,1.4940783596660152,3.218268146805848
2019-08-29,130.6976318359375,0.01888446580056602,-0.0013259985647092742,-0.0045761696634930345,1.0,-1.0,0.0,-0.0,0.01888446580056602,1.4940783596660152,3.279043421561254
2019-08-30,130.4515838623047,-0.001882574077100907,0.01888446580056602,0.0006560593485388733,-1.0,1.0,1.0,-0.013201587269095927,-0.001882574077100907,1.4743541538140166,3.2728703794181344
2019-09-03,128.7294158935547,-0.013201587269095927,-0.001882574077100907,0.006652095273856573,-1.0,1.0,1.0,0.011687789985575625,-0.013201587269095927,1.491586095528156,3.2296632954838067
2019-09-04,130.23397827148438,0.011687789985575625,-0.013201587269095927,0.0009231322599313696,1.0,1.0,1.0,0.017583450946887735,0.011687789985575625,1.5178133264719351,3.2674109218055434
2019-09-05,132.52394104003906,0.017583450946887735,0.011687789985575625,0.002832419175047107,1.0,1.0,1.0,-0.006783235036509128,0.017583450946887735,1.5075176419369303,3.3248632814724366
2019-09-06,131.625,-0.006783235036509128,0.017583450946887735,0.0066143090773665095,-1.0,1.0,1.0,-0.011358915004748393,-0.006783235036509128,1.49039387717401,3.30230995236995
2019-09-09,130.1298828125,-0.011358915004748393,-0.006783235036509128,0.0014807689099514798,-1.0,1.0,1.0,-0.010471269877601275,-0.011358915004748393,1.4747875606621963,3.2647992943016453
2019-09-10,128.7672576904297,-0.010471269877601275,-0.011358915004748393,-0.00041449927557801747,-1.0,-1.0,0.0,0.0,-0.010471269877601275,1.4747875606621963,3.2306126997948104
2019-09-11,128.8051300048828,0.00029411447546845437,-0.010471269877601275,0.00013156420272091295,1.0,1.0,1.0,0.010284938244051078,0.00029411447546845437,1.4899556596467016,3.2315628697544523
2019-09-12,130.1298828125,0.010284938244051078,0.00029411447546845437,-0.002147170899300521,1.0,-1.0,0.0,-0.0,0.010284938244051078,1.4899556596467016,3.2647992943016453
2019-09-13,129.9406280517578,-0.0014543528100681158,0.010284938244051078,-0.0036068734398678527,-1.0,-1.0,0.0,-0.0,-0.0014543528100681158,1.4899556596467016,3.2600511242736694
2019-09-16,129.00381469726562,-0.007209549226736334,-0.0014543528100681158,-0.00254109699457965,-1.0,-1.0,0.0,0.0,-0.007209549226736334,1.4899556596467016,3.236547625211541
2019-09-17,130.0068817138672,0.007775483375863423,-0.007209549226736334,-0.0017112238389772384,1.0,-1.0,0.0,0.0,0.007775483375863423,1.4899556596467016,3.261713347466564
2019-09-18,131.07614135742188,0.008224638799567696,0.007775483375863423,0.0019381268117157012,1.0,1.0,1.0,0.0184088716848001,0.008224638799567696,1.5173840622011794,3.288539761617205
2019-09-19,133.48910522460938,0.0184088716848001,0.008224638799567696,0.00352423167653555,1.0,1.0,1.0,-0.011554417968570485,0.0184088716848001,1.4998515725276595,3.349078068119179
2019-09-20,131.94671630859375,-0.011554417968570485,0.0184088716848001,0.005149018364685354,-1.0,1.0,1.0,-0.002151779870155357,-0.011554417968570485,1.4966242221056736,3.3103814203107578
2019-09-23,131.6627960205078,-0.002151779870155357,-0.011554417968570485,0.00312900533298488,-1.0,1.0,1.0,-0.012648787707652653,-0.002151779870155357,1.4776937400421282,3.3032582082079966
2019-09-24,129.99742126464844,-0.012648787707652653,-0.002151779870155357,0.0041405592043010754,-1.0,1.0,1.0,0.014412446911565624,-0.012648787707652653,1.4989909226220381,3.2614759963888127
2019-09-25,131.87100219726562,0.014412446911565624,-0.012648787707652653,5.570498759785991e-05,1.0,1.0,1.0,0.0012913232105626893,0.014412446911565624,1.5009266043928429,3.308481846040112
2019-09-26,132.04129028320312,0.0012913232105626893,0.014412446911565624,0.0012932666099974455,1.0,1.0,1.0,-0.012970999570345199,0.0012913232105626893,1.4814580860521436,3.312754165439629
2019-09-27,130.32858276367188,-0.012970999570345199,0.0012913232105626893,-0.0021302430848500363,-1.0,-1.0,0.0,0.0,-0.012970999570345199,1.4814580860521436,3.2697844325830525
2019-09-30,131.5587158203125,0.009438705083375742,-0.012970999570345199,-0.002413559405204979,1.0,-1.0,0.0,-0.0,0.009438705083375742,1.4814580860521436,3.300646963528417
2019-10-01,129.70408630371094,-0.014097351931700808,0.009438705083375742,-9.546241449875925e-05,-1.0,-1.0,0.0,-0.0,-0.014097351931700808,1.4814580860521436,3.254116581681257
2019-10-02,127.4140853881836,-0.017655580335111054,-0.014097351931700808,-0.00038517525930839016,-1.0,-1.0,0.0,0.0,-0.017655580335111054,1.4814580860521436,3.1966632649535667
2019-10-03,128.95651245117188,0.012105624415770677,-0.017655580335111054,-0.006798780708643726,1.0,-1.0,0.0,0.0,0.012105624415770677,1.4814580860521436,3.235360869822786
2019-10-04,130.6976318359375,0.013501601056595591,0.012105624415770677,-0.004635920467602128,1.0,-1.0,0.0,-0.0,0.013501601056595591,1.4814580860521436,3.279043421561253
2019-10-07,129.7513427734375,-0.007240292338945076,0.013501601056595591,0.0006585996577860298,-1.0,1.0,1.0,-0.010574495988891042,-0.007240292338945076,1.465792413463475,3.255302188597055
2019-10-08,128.37928771972656,-0.010574495988891042,-0.007240292338945076,-0.002677199826678134,-1.0,-1.0,0.0,0.0,-0.010574495988891042,1.465792413463475,3.220879008661107
2019-10-09,130.81118774414062,0.01894308706341552,-0.010574495988891042,-0.0019726286381161807,1.0,-1.0,0.0,0.0,0.01894308706341552,1.465792413463475,3.281892400142902
2019-10-10,131.625,0.006221274111898989,0.01894308706341552,0.005347104841589134,1.0,1.0,1.0,0.004169518451744958,0.006221274111898989,1.4719040619778387,3.302309952369949
2019-10-11,132.17381286621094,0.004169518451744958,0.006221274111898989,0.004170234780814797,1.0,1.0,1.0,-0.000930716567482226,0.004169518451744958,1.4705341364816116,3.3160789946497364
2019-10-14,132.05079650878906,-0.000930716567482226,0.004169518451744958,0.00230381825984467,-1.0,1.0,1.0,0.014474789408603916,-0.000930716567482226,1.491819808425346,3.312992664990336
2019-10-15,133.9622039794922,0.014474789408603916,-0.000930716567482226,0.00356573341413724,1.0,1.0,1.0,-0.008193547880041674,0.014474789408603916,1.4795965113966183,3.3609475361283208
2019-10-16,132.8645782470703,-0.008193547880041674,0.014474789408603916,0.008575590493636232,-1.0,1.0,1.0,-0.0051282740350090394,-0.008193547880041674,1.4720087350249331,3.333409451568745
2019-10-17,132.18321228027344,-0.0051282740350090394,-0.008193547880041674,0.0031482635049447927,-1.0,1.0,1.0,-0.016321474486361676,-0.0051282740350090394,1.447983382012522,3.3163148144302115
2019-10-18,130.02578735351562,-0.016321474486361676,-0.0051282740350090394,0.000878353875563187,-1.0,1.0,1.0,0.007422867449717652,-0.016321474486361676,1.4587315707265949,3.2621876667977454
2019-10-21,130.99095153808594,0.007422867449717652,-0.016321474486361676,-0.00321984471205814,1.0,-1.0,0.0,-0.0,0.007422867449717652,1.4587315707265949,3.286402453444489
2019-10-22,129.04165649414062,-0.014881142712964812,0.007422867449717652,-0.0015491279086181642,-1.0,-1.0,0.0,0.0,-0.014881142712964812,1.4587315707265949,3.237497029522544
2019-10-23,129.86492919921875,0.006379898766376346,-0.014881142712964812,-0.00742031433293191,1.0,-1.0,0.0,0.0,0.006379898766376346,1.4587315707265949,3.258151932827342
2019-10-24,132.41981506347656,0.019673408979713924,0.006379898766376346,-0.004505625003648306,1.0,-1.0,0.0,0.0,0.019673408979713924,1.4587315707265949,3.3222508883198993
2019-10-25,133.16732788085938,0.005645022363341079,0.019673408979713924,0.0004547115992962869,1.0,1.0,1.0,0.024586771509113925,0.005645022363341079,1.4945970705491805,3.341005068881095
2019-10-28,136.4414825439453,0.024586771509113925,0.005645022363341079,0.004848010969236838,1.0,1.0,1.0,-0.00943218663653711,0.024586771509113925,1.480499752033339,3.423149597120466
2019-10-29,135.154541015625,-0.00943218663653711,0.024586771509113925,0.008280791781116093,-1.0,1.0,1.0,0.012462449850341395,-0.00943218663653711,1.4989504059464973,3.390861811235639
2019-10-30,136.83889770507812,0.012462449850341395,-0.00943218663653711,0.009370582996401634,1.0,1.0,1.0,-0.008574830556272284,0.012462449850341395,1.4860971602032504,3.4331202565076007
2019-10-31,135.66552734375,-0.008574830556272284,0.012462449850341395,0.010587093213194643,-1.0,1.0,1.0,0.002440901876239465,-0.008574830556272284,1.4897245775498646,3.403681832028742
2019-11-01,135.99667358398438,0.002440901876239465,-0.008574830556272284,0.004937445305997401,1.0,1.0,1.0,0.005775256325876388,0.002440901876239465,1.4983281188401731,3.4119898853986634
2019-11-04,136.78208923339844,0.005775256325876388,0.002440901876239465,0.004296621208577078,1.0,1.0,1.0,-0.0006223679186126985,0.005775256325876388,1.4973956074874517,3.4316950015681384
2019-11-05,136.69696044921875,-0.0006223679186126985,0.005775256325876388,0.0005343181719295708,-1.0,1.0,1.0,-0.002769079714936673,-0.0006223679186126985,1.4932491996855228,3.429559224692699
2019-11-06,136.3184356689453,-0.002769079714936673,-0.0006223679186126985,0.002296281915514453,-1.0,1.0,1.0,0.0013882165022249815,-0.002769079714936673,1.4953221528664604,3.420062501812428
2019-11-07,136.50767517089844,0.0013882165022249815,-0.002769079714936673,-0.0007500239975411604,1.0,-1.0,0.0,0.0,0.0013882165022249815,1.4953221528664604,3.424810289016085
2019-11-08,138.11634826660156,0.011784488261844528,0.0013882165022249815,0.0012425854141582926,1.0,1.0,1.0,0.0010273329788468288,0.011784488261844528,1.4968583466281005,3.4651699256660398
2019-11-11,138.25823974609375,0.0010273329788468288,0.011784488261844528,0.0031113026912793053,1.0,1.0,1.0,0.006570434787215307,0.0010273329788468288,1.5066933567803193,3.4687298090079848
2019-11-12,139.16665649414062,0.006570434787215307,0.0010273329788468288,0.0021617180218733933,1.0,1.0,1.0,0.001631831671020656,0.006570434787215307,1.50915202671843,3.4915208720125417
2019-11-13,139.3937530517578,0.001631831671020656,0.006570434787215307,0.0036002785630389945,1.0,1.0,1.0,0.005091343927173142,0.001631831671020656,1.5168356387248438,3.4972184463515212
2019-11-14,140.10345458984375,0.005091343927173142,0.001631831671020656,0.00448046084023046,1.0,1.0,1.0,0.012900383584082409,0.005091343927173142,1.536403400298401,3.515023988250351
2019-11-15,141.9108428955078,0.012900383584082409,0.005091343927173142,0.005221086325220092,1.0,1.0,1.0,0.002467132939918182,0.012900383584082409,1.5401939117362795,3.560369146006032
2019-11-18,142.26095581054688,0.002467132939918182,0.012900383584082409,0.005444265389667668,1.0,1.0,1.0,0.0003327178803360642,0.002467132939918182,1.5407063617898988,3.5691530500044117
2019-11-19,142.30828857421875,0.0003327178803360642,0.002467132939918182,0.005732225381881939,1.0,1.0,1.0,-0.0017349830308129865,0.0003327178803360642,1.5380332623967277,3.5703405710418044
2019-11-20,142.06138610839844,-0.0017349830308129865,0.0003327178803360642,0.00448468200050609,-1.0,1.0,1.0,-0.000935647012637264,-0.0017349830308129865,1.5365942061694293,3.564146090736824
2019-11-21,141.928466796875,-0.000935647012637264,-0.0017349830308129865,0.003811319060139362,-1.0,1.0,1.0,0.0007359088242833156,-0.000935647012637264,1.537724999405092,3.560811308094423
2019-11-22,142.0329132080078,0.0007359088242833156,-0.000935647012637264,0.0026059208721772808,1.0,1.0,1.0,0.01096315544812887,0.0007359088242833156,1.554583317610044,3.5634317405576574
2019-11-25,143.5900421142578,0.01096315544812887,0.0007359088242833156,0.00017302592021746223,1.0,1.0,1.0,0.005290151224448758,0.01096315544812887,1.5628072984512065,3.6024981966581873
2019-11-26,144.3496551513672,0.005290151224448758,0.01096315544812887,0.0018722304218595997,1.0,1.0,1.0,0.0019074853233564948,0.005290151224448758,1.5657883304362366,3.621555956904313
2019-11-27,144.625,0.0019074853233564948,0.005290151224448758,0.0028637170906821384,1.0,1.0,1.0,-0.0061711448992545215,0.0019074853233564948,1.5561256237675527,3.628464021739822
2019-11-29,143.7324981689453,-0.0061711448992545215,0.0019074853233564948,0.003592210761516035,-1.0,1.0,1.0,-0.01208887418676674,-0.0061711448992545215,1.537313816883023,3.606072244499934
2019-12-02,141.99493408203125,-0.01208887418676674,-0.0061711448992545215,0.002545111184192583,-1.0,1.0,1.0,-0.0016048090541577187,-0.01208887418676674,1.5348467217506072,3.5624788908277827
2019-12-03,141.76705932617188,-0.0016048090541577187,-0.01208887418676674,-1.9845418017427897e-05,-1.0,-1.0,0.0,0.0,-0.0016048090541577187,1.5348467217506072,3.5567617924485364
2019-12-04,142.27980041503906,0.0036167858126159302,-0.0016048090541577187,-0.0025334383184747455,1.0,-1.0,0.0,0.0,0.0036167858126159302,1.5348467217506072,3.5696258380383186
2019-12-05,142.35574340820312,0.0005337580805042652,0.0036167858126159302,-0.002868111400841311,1.0,-1.0,0.0,0.0,0.0005337580805042652,1.5348467217506072,3.5715311546737483
2019-12-06,144.08380126953125,0.012139010481459378,0.0005337580805042652,-0.003142856849411757,1.0,-1.0,0.0,-0.0,0.012139010481459378,1.5348467217506072,3.6148860087951915
2019-12-09,143.7135009765625,-0.0025700341725163334,0.012139010481459378,0.0005191742267310229,-1.0,1.0,1.0,-0.0015196835813441334,-0.0025700341725163334,1.532514240387683,3.6055956282228365
2019-12-10,143.49510192871094,-0.0015196835813441334,-0.0025700341725163334,0.002422942229581104,-1.0,1.0,1.0,0.003771654795065249,-0.0015196835813441334,1.538294355070947,3.6001162637456603
2019-12-11,144.03631591796875,0.003771654795065249,-0.0015196835813441334,0.0024399673241438215,1.0,1.0,1.0,0.010151845996277054,0.003771654795065249,1.5539108824605694,3.613694659514609
2019-12-12,145.49855041503906,0.010151845996277054,0.003771654795065249,0.0024709411206336853,1.0,1.0,1.0,0.008418111345803947,0.010151845996277054,1.5669918772905789,3.6503803311755703
2019-12-13,146.72337341308594,0.008418111345803947,0.010151845996277054,0.004394558703788243,1.0,1.0,1.0,0.006471212645451585,0.008418111345803947,1.5771322149422216,3.6811096392579388
2019-12-16,147.6728515625,0.006471212645451585,0.008418111345803947,0.0036503788766571567,1.0,1.0,1.0,-0.005400971782273167,0.006471212645451585,1.5686141683524046,3.7049308825047986
2019-12-17,146.87527465820312,-0.005400971782273167,0.006471212645451585,0.00545862824025074,-1.0,1.0,1.0,-0.002068854176427992,-0.005400971782273167,1.5653689343790047,3.684920655353118
2019-12-18,146.5714111328125,-0.002068854176427992,-0.005400971782273167,0.0046823706000649334,-1.0,1.0,1.0,0.008680779670079408,-0.002068854176427992,1.578957557200736,3.677297091865485
2019-12-19,147.84376525878906,0.008680779670079408,-0.002068854176427992,0.0035142688057662854,1.0,1.0,1.0,0.010917744691993247,0.008680779670079408,1.5961962126897469,3.7092188977013927
2019-12-20,149.4578857421875,0.010917744691993247,0.008680779670079408,0.003220055540526756,1.0,1.0,1.0,0.0,0.010917744691993247,1.5961962126897469,3.749715202633213
2019-12-23,149.4578857421875,0.0,0.010917744691993247,0.0037199822097646164,0.0,1.0,1.0,-0.00019071203789089441,0.0,1.595891798857151,3.749715202633213
2019-12-24,149.42938232421875,-0.00019071203789089441,0.0,0.002425739680674299,-1.0,1.0,1.0,0.008196463516199959,-0.00019071203789089441,1.6089724677622863,3.7490000868054083
2019-12-26,150.6541748046875,0.008196463516199959,-0.00019071203789089441,0.003467791629550754,1.0,1.0,1.0,0.0018281680075258322,0.008196463516199959,1.6119139397528393,3.7797286292391394
2019-12-27,150.92959594726562,0.0018281680075258322,0.008196463516199959,0.005520855168076344,1.0,1.0,1.0,-0.008618969233839535,0.0018281680075258322,1.5980209030985124,3.786638608196244
2019-12-30,149.6287384033203,-0.008618969233839535,0.0018281680075258322,0.0041503328355656285,-1.0,1.0,1.0,0.0006981390810119059,-0.008618969233839535,1.5991365439432395,3.7540016865325314
2019-12-31,149.7332000732422,0.0006981390810119059,-0.008618969233839535,0.0002429900503990723,1.0,1.0,1.0,0.018516006711563282,0.0006981390810119059,1.6287461669235985,3.7566225018200843
2020-01-02,152.5056610107422,0.018516006711563282,0.0006981390810119059,0.0003826178666014535,1.0,1.0,1.0,-0.012451410064883928,0.018516006711563282,1.608465980507625,3.8261801492765946
2020-01-03,150.60675048828125,-0.012451410064883928,0.018516006711563282,0.004123961616492288,-1.0,1.0,1.0,0.002584556852348152,-0.012451410064883928,1.6126231522793149,3.778538811255833
2020-01-06,150.99600219726562,0.002584556852348152,-0.012451410064883928,-5.613099724488535e-06,1.0,-1.0,0.0,-0.0,0.002584556852348152,1.6126231522793149,3.7883046596323275
2020-01-07,149.61927795410156,-0.009117620487497868,0.002584556852348152,0.00014566466923997544,-1.0,1.0,1.0,0.015928388388945836,-0.009117620487497868,1.638309640173826,3.7537643354547803
2020-01-08,152.00247192382812,0.015928388388945836,-0.009117620487497868,4.5934418508308816e-05,1.0,1.0,1.0,0.012493030761820734,0.015928388388945836,1.6587770929059051,3.813555751710477
2020-01-09,153.9014434814453,0.012493030761820734,0.015928388388945836,0.0030919842800950946,1.0,1.0,1.0,-0.004627365325594601,0.012493030761820734,1.6511013253033018,3.8611986210285143
2020-01-10,153.1892852783203,-0.004627365325594601,0.012493030761820734,0.001887389090146585,-1.0,1.0,1.0,0.01202430859254422,-0.004627365325594601,1.6709546771563075,3.8433314444143334
2020-01-13,155.03128051757812,0.01202430859254422,-0.004627365325594601,0.0034521980380044504,1.0,1.0,1.0,-0.007042823270962062,0.01202430859254422,1.6591864386713082,3.8895448477254
2020-01-14,153.93942260742188,-0.007042823270962062,0.01202430859254422,0.0053401483860436635,-1.0,1.0,1.0,0.006476138253037611,-0.007042823270962062,1.6699315594357087,3.862151470758389
2020-01-15,154.9363555908203,0.006476138253037611,-0.007042823270962062,0.005755107829350825,1.0,1.0,1.0,0.018323288105103197,0.006476138253037611,1.7005301965150534,3.887163297637193
2020-01-16,157.77529907226562,0.018323288105103197,0.006476138253037611,0.00386465780216918,1.0,1.0,1.0,0.0055968290792558495,0.018323288105103197,1.7100477733690616,3.958388910651382
2020-01-17,158.65834045410156,0.0055968290792558495,0.018323288105103197,0.005030709270825673,1.0,1.0,1.0,-0.0035907481876271685,0.0055968290792558495,1.7039074224260806,3.9805433368135197
2020-01-21,158.08863830566406,-0.0035907481876271685,0.0055968290792558495,0.007075548151795763,-1.0,1.0,1.0,-0.0048047888050157805,-0.0035907481876271685,1.6957205071180246,3.9662502080410853
2020-01-22,157.3290557861328,-0.0048047888050157805,-0.0035907481876271685,0.003952536795761486,-1.0,1.0,1.0,0.006155730973898432,-0.0048047888050157805,1.7061589063667657,3.947193213443598
2020-01-23,158.2975311279297,0.006155730973898432,-0.0048047888050157805,0.0044001436889507415,1.0,1.0,1.0,-0.010076837828352225,0.006155730973898432,1.688966219757909,3.971491072967554
2020-01-24,156.702392578125,-0.010076837828352225,0.006155730973898432,0.004336062233122906,-1.0,1.0,1.0,-0.016723260621980374,-0.010076837828352225,1.6607211974831764,3.9314710014885117
2020-01-27,154.08181762695312,-0.016723260621980374,-0.010076837828352225,-0.0013439629535681786,-1.0,-1.0,0.0,0.0,-0.016723260621980374,1.6607211974831764,3.8657239873028613
2020-01-28,157.10116577148438,0.019595745890286453,-0.016723260621980374,-0.0058079808938154235,1.0,-1.0,0.0,0.0,0.019595745890286453,1.6607211974831764,3.941475732240033
2020-01-29,159.55084228515625,0.015592987497210054,0.019595745890286453,-0.0011706820782326987,1.0,-1.0,0.0,0.0,0.015592987497210054,1.6607211974831764,4.002935114053408
2020-01-30,164.05140686035156,0.028207714298065012,0.015592987497210054,0.002908873182212468,1.0,1.0,1.0,-0.014758717409557032,0.028207714298065012,1.636211082633461,4.115848764104319
2020-01-31,161.63021850585938,-0.014758717409557032,0.028207714298065012,0.007319269847045784,-1.0,1.0,1.0,0.024378721820652594,-0.014758717409557032,1.676099817456851,4.055104115294429
2020-02-03,165.570556640625,0.024378721820652594,-0.014758717409557032,0.006382893930804823,1.0,1.0,1.0,0.032916369915228616,0.024378721820652594,1.731270939063108,4.153962370474976
2020-02-04,171.02053833007812,0.032916369915228616,0.024378721820652594,0.014603290419331416,1.0,1.0,1.0,-0.0012211810811596502,0.032916369915228616,1.7291567437459627,4.29069573247547
2020-02-05,170.8116912841797,-0.0012211810811596502,0.032916369915228616,0.01726741522431985,-1.0,1.0,1.0,0.02073364917817666,-0.0012211810811596502,1.7650084730448699,4.285456016021959
2020-02-06,174.35324096679688,0.02073364917817666,-0.0012211810811596502,0.013904581508645908,1.0,1.0,1.0,0.001415842275625634,0.02073364917817666,1.7675074466578442,4.374309157626665
2020-02-07,174.60009765625,0.001415842275625634,0.02073364917817666,0.012409768484668238,1.0,1.0,1.0,0.026157010579421103,0.001415842275625634,1.813740157639279,4.380502489458689
2020-02-10,179.1671142578125,0.026157010579421103,0.001415842275625634,0.01564468042170477,1.0,1.0,1.0,-0.022575314923586443,0.026157010579421103,1.7727944023910172,4.49508333941864
2020-02-11,175.1223602294922,-0.022575314923586443,0.026157010579421103,0.016000338173458473,-1.0,1.0,1.0,0.001463994509280031,-0.022575314923586443,1.7753897636622,4.3936054174234975
2020-02-12,175.3787384033203,0.001463994509280031,-0.022575314923586443,0.004902001205695461,1.0,1.0,1.0,-0.005414046626385227,0.001463994509280031,1.7657777207017258,4.400037631630549
2020-02-13,174.42922973632812,-0.005414046626385227,0.001463994509280031,0.005439036323783397,-1.0,1.0,1.0,0.008927082733741765,-0.005414046626385227,1.781540964503828,4.376215622735051
2020-02-14,175.9863739013672,0.008927082733741765,-0.005414046626385227,0.0002094971628710196,1.0,1.0,1.0,0.010142938236223031,0.008927082733741765,1.7996110244720915,4.4152824616599
2020-02-18,177.77139282226562,0.010142938236223031,0.008927082733741765,0.0017117452544942457,1.0,1.0,1.0,0.0029989461329569256,0.010142938236223031,1.8050079609947587,4.4600663989639955
2020-02-19,178.3045196533203,0.0029989461329569256,0.010142938236223031,-0.0014910692141453686,1.0,-1.0,0.0,-0.0,0.0029989461329569256,1.8050079609947587,4.4734418978439
2020-02-20,175.5815887451172,-0.015271238853043934,0.0029989461329569256,0.003623782997163305,-1.0,1.0,1.0,-0.031612469545486355,-0.015271238853043934,1.7479472017984514,4.405126898126712
2020-02-21,170.03102111816406,-0.031612469545486355,-0.015271238853043934,0.0002767363246985122,-1.0,1.0,1.0,-0.043115624455663526,-0.031612469545486355,1.6725833666773815,4.265869958215679
2020-02-24,162.7000274658203,-0.043115624455663526,-0.031612469545486355,-0.004962948259121714,-1.0,-1.0,0.0,-0.0,-0.043115624455663526,1.6725833666773815,4.081944311120554
2020-02-25,160.01522827148438,-0.016501528832869816,-0.043115624455663526,-0.015371489697002772,-1.0,-1.0,0.0,0.0,-0.016501528832869816,1.6725833666773815,4.014585989376429
2020-02-26,162.0146026611328,0.012494900711926382,-0.016501528832869816,-0.02070038311082134,1.0,-1.0,0.0,-0.0,0.012494900711926382,1.6725833666773815,4.064747842713178
2020-02-27,150.59918212890625,-0.07045920765613256,0.012494900711926382,-0.01880119219502745,-1.0,-1.0,0.0,0.0,-0.07045920765613256,1.6725833666773815,3.7783489303936335
2020-02-28,154.24562072753906,0.024212871192830443,-0.07045920765613256,-0.029838785955645174,1.0,-1.0,0.0,0.0,0.024212871192830443,1.6725833666773815,3.8698336063668233
2020-03-02,164.50901794433594,0.0665393102791958,0.024212871192830443,-0.018673717807981816,1.0,-1.0,0.0,-0.0,0.0665393102791958,1.6725833666773815,4.127329665429724
2020-03-03,156.6258087158203,-0.04791961758098284,0.0665393102791958,0.0032572691389900488,-1.0,1.0,1.0,0.036715209093285406,-0.04791961758098284,1.7339926147108928,3.929549606231686
2020-03-04,162.37635803222656,0.036715209093285406,-0.04791961758098284,-0.0030263486106325566,1.0,-1.0,0.0,-0.0,0.036715209093285406,1.7339926147108928,4.073823841666919
2020-03-05,158.3014678955078,-0.025095341379131164,0.036715209093285406,0.0018177130656392483,-1.0,1.0,1.0,-0.02826715067649399,-0.025095341379131164,1.6849775841989323,3.9715898416418445
2020-03-06,153.8267364501953,-0.02826715067649399,-0.025095341379131164,0.010890486321039528,-1.0,1.0,1.0,-0.06777275974093933,-0.02826715067649399,1.5707820032161497,3.8593243131629213
2020-03-09,143.40147399902344,-0.06777275974093933,-0.02826715067649399,0.0003944819471746408,-1.0,1.0,1.0,0.06838420980555449,-0.06777275974093933,1.678198689282872,3.597767253724565
2020-03-10,153.20787048339844,0.06838420980555449,-0.06777275974093933,-0.026467932056852383,1.0,-1.0,0.0,-0.0,0.06838420980555449,1.678198689282872,3.843797724434819
2020-03-11,146.26724243164062,-0.045302033308464384,0.06838420980555449,-0.0032071665795449177,-1.0,-1.0,0.0,-0.0,-0.045302033308464384,1.678198689282872,3.6696658718914734
2020-03-12,132.3955078125,-0.09483828633484848,-0.045302033308464384,-0.019610615059894875,-1.0,-1.0,0.0,0.0,-0.09483828633484848,1.678198689282872,3.3216410491798083
2020-03-13,151.21803283691406,0.1421689099230672,-0.09483828633484848,-0.033559204051038335,1.0,-1.0,0.0,-0.0,0.1421689099230672,1.678198689282872,3.793875136297415
2020-03-16,128.9300079345703,-0.14738999366815586,0.1421689099230672,0.0005280080688738975,-1.0,1.0,1.0,0.0823361508774958,-0.14738999366815586,1.8163751097660823,3.2346959039807652
2020-03-17,139.5456085205078,0.0823361508774958,-0.14738999366815586,-0.015395438716569409,1.0,-1.0,0.0,-0.0,0.0823361508774958,1.8163751097660823,3.5010283139737433
2020-03-18,133.67127990722656,-0.042096119509328345,0.0823361508774958,-0.012605050502181147,-1.0,-1.0,0.0,0.0,-0.042096119509328345,1.8163751097660823,3.353648607663162
2020-03-19,135.87057495117188,0.01645301103925778,-0.042096119509328345,-0.01196386774235394,1.0,-1.0,0.0,-0.0,0.01645301103925778,1.8163751097660823,3.4088262252268358
2020-03-20,130.7675018310547,-0.0375583390439842,0.01645301103925778,0.010294391732467312,-1.0,1.0,1.0,-0.009974820241683169,-0.0375583390439842,1.798257094554698,3.2807963741177413
2020-03-23,129.46311950683594,-0.009974820241683169,-0.0375583390439842,-0.025651058060942967,-1.0,-1.0,0.0,0.0,-0.009974820241683169,1.798257094554698,3.2480710200363507
2020-03-24,141.23077392578125,0.09089580464128977,-0.009974820241683169,0.0018319766243515723,1.0,1.0,1.0,-0.00957269574424413,0.09089580464128977,1.7810429265185974,3.5433070489346097
2020-03-25,139.87881469726562,-0.00957269574424413,0.09089580464128977,0.003543907377110367,-1.0,1.0,1.0,0.06255098396460901,-0.00957269574424413,1.8924489140555425,3.509388048626723
2020-03-26,148.6283721923828,0.06255098396460901,-0.00957269574424413,0.01004859213012721,1.0,1.0,1.0,-0.04106068789628958,0.06255098396460901,1.8147436598358357,3.7289037241819636
2020-03-27,142.5255889892578,-0.04106068789628958,0.06255098396460901,0.019268186715197456,-1.0,1.0,1.0,0.07034066597955557,-0.04106068789628958,1.9423939374508645,3.5757923721680163
2020-03-30,152.55093383789062,0.07034066597955557,-0.04106068789628958,0.018567716944736377,1.0,1.0,1.0,-0.015727509202728918,0.07034066597955557,1.9118449189242812,3.827315989030929
2020-03-31,150.1516876220703,-0.015727509202728918,0.07034066597955557,0.03463081418898413,-1.0,1.0,1.0,-0.035508119078393685,-0.015727509202728918,1.843958901883696,3.7671218415916936
2020-04-01,144.82008361816406,-0.035508119078393685,-0.015727509202728918,0.01330615142018039,-1.0,1.0,1.0,0.02070861556334469,-0.035508119078393685,1.8821447378974125,3.633358430657638
2020-04-02,147.81910705566406,0.02070861556334469,-0.035508119078393685,0.008119066753350479,1.0,1.0,1.0,-0.009210348250777045,0.02070861556334469,1.8648095294030098,3.7086002536019644
2020-04-03,146.4576416015625,-0.009210348250777045,0.02070861556334469,-0.00024940692690238463,-1.0,-1.0,0.0,0.0,-0.009210348250777045,1.8648095294030098,3.6744427537433704
2020-04-06,157.3494110107422,0.07436805133603541,-0.009210348250777045,0.006120661002200123,1.0,1.0,1.0,-0.010770408330990633,0.07436805133603541,1.844724769311817,3.9477039010850805
2020-04-07,155.65469360351562,-0.010770408330990633,0.07436805133603541,0.006926138073496091,-1.0,1.0,1.0,0.010031285211057117,-0.010770408330990633,1.8632297296086853,3.9051855181005495
2020-04-08,157.2161102294922,0.010031285211057117,-0.010770408330990633,0.007917558247843747,1.0,1.0,1.0,6.04659762415416e-05,0.010031285211057117,1.8633423916132483,3.944359547834706
2020-04-09,157.22561645507812,6.04659762415416e-05,0.010031285211057117,0.017025439105733908,1.0,1.0,1.0,0.002240502611719819,6.04659762415416e-05,1.867517215108186,3.9445980473854134
2020-04-13,157.577880859375,0.002240502611719819,6.04659762415416e-05,0.01289580918831328,1.0,1.0,1.0,0.049483374881282405,0.002240502611719819,1.9599282695606328,3.9534359296127652
2020-04-14,165.3753662109375,0.049483374881282405,0.002240502611719819,0.015185979360812651,1.0,1.0,1.0,-0.010477817022266023,0.049483374881282405,1.93939249977541,4.149065281786925
2020-04-15,163.64259338378906,-0.010477817022266023,0.049483374881282405,0.01020904406986205,-1.0,1.0,1.0,0.030020846696450887,-0.010477817022266023,1.9976147046954142,4.105592134950925
2020-04-16,168.55528259277344,0.030020846696450887,-0.010477817022266023,0.010267562331606972,1.0,1.0,1.0,0.00881188951480194,0.030020846696450887,2.015217464766334,4.228845487032441
2020-04-17,170.0405731201172,0.00881188951480194,0.030020846696450887,0.014265474628685725,1.0,1.0,1.0,-0.01982101403841552,0.00881188951480194,1.9752738111067405,4.26610960623934
2020-04-20,166.67019653320312,-0.01982101403841552,0.00881188951480194,0.016015759336397806,-1.0,1.0,1.0,-0.041357430967496,-0.01982101403841552,1.8935815608219908,4.18155098784465
2020-04-21,159.7771453857422,-0.041357430967496,-0.01982101403841552,0.011603456006370739,-1.0,1.0,1.0,0.03396549855292941,-0.041357430967496,1.957898002585944,4.0086127815278
2020-04-22,165.2040557861328,0.03396549855292941,-0.041357430967496,-0.006564705163384943,1.0,-1.0,0.0,-0.0,0.03396549855292941,1.957898002585944,4.144767313158037
2020-04-23,163.2046661376953,-0.012102545781477847,0.03396549855292941,0.0023239579516541433,-1.0,1.0,1.0,0.018258975197790628,-0.012102545781477847,1.9936472136549646,4.094605076996969
2020-04-24,166.1846160888672,0.018258975197790628,-0.012102545781477847,-0.006100720543931603,1.0,-1.0,0.0,-0.0,0.018258975197790628,1.9936472136549646,4.169368369542605
2020-04-27,165.7086181640625,-0.002864271892352277,0.018258975197790628,-0.004211303407333866,-1.0,-1.0,0.0,-0.0,-0.002864271892352277,1.9936472136549646,4.157426164912861
2020-04-28,161.67181396484375,-0.02436085849935732,-0.002864271892352277,-0.0008199549781212178,-1.0,-1.0,0.0,0.0,-0.02436085849935732,1.9936472136549646,4.056147694387893
2020-04-29,168.9266357421875,0.044873757517938984,-0.02436085849935732,0.0025793595155065184,1.0,1.0,1.0,0.01003217841278703,0.044873757517938984,2.013647838194507,4.2381622824828025
2020-04-30,170.621337890625,0.01003217841278703,0.044873757517938984,0.004761011308508434,1.0,1.0,1.0,-0.025891445415065828,0.01003217841278703,1.9615115851067284,4.280680282643015
2020-05-01,166.20370483398438,-0.025891445415065828,0.01003217841278703,0.009187956147361408,-1.0,1.0,1.0,0.02445997301219216,-0.025891445415065828,2.0094901055415413,4.169847282765615
2020-05-04,170.26904296875,0.02445997301219216,-0.025891445415065828,0.00035787202479011795,1.0,1.0,1.0,0.010735877990657006,0.02445997301219216,2.031063746138068,4.271841634767025
2020-05-05,172.09703063964844,0.010735877990657006,0.02445997301219216,0.005822721005699005,1.0,1.0,1.0,0.00984709826643515,0.010735877990657006,2.0510638304316835,4.317703605353293
2020-05-06,173.79168701171875,0.00984709826643515,0.010735877990657006,0.01284206830370187,1.0,1.0,1.0,0.005807221527827311,0.00984709826643515,2.0629748124627145,4.360220457040548
2020-05-07,174.80093383789062,0.005807221527827311,0.00984709826643515,0.0058367364534011035,1.0,1.0,1.0,0.005882196841866527,0.005807221527827311,2.075109636389433,4.385541223144746
2020-05-08,175.8291473388672,0.005882196841866527,0.005807221527827311,0.00499174507640916,1.0,1.0,1.0,0.011154512672284955,0.005882196841866527,2.0982564731249194,4.411337839877404
2020-05-11,177.79043579101562,0.011154512672284955,0.005882196841866527,0.011346473527795631,1.0,1.0,1.0,-0.022651938253679282,0.011154512672284955,2.050726897055311,4.460544163714046
2020-05-12,173.7631378173828,-0.022651938253679282,0.011154512672284955,0.00868538145981419,-1.0,1.0,1.0,-0.01512231442566181,-0.022651938253679282,2.0197151601168786,4.359504192739786
2020-05-13,171.13543701171875,-0.01512231442566181,-0.022651938253679282,0.0020078182109469324,-1.0,1.0,1.0,0.004339428571020987,-0.01512231442566181,2.028479569788014,4.293578399597184
2020-05-14,171.87806701660156,0.004339428571020987,-0.01512231442566181,-0.00298606432747246,1.0,-1.0,0.0,0.0,0.004339428571020987,2.028479569788014,4.3122100763763145
2020-05-15,174.38197326660156,0.014567921861479594,0.004339428571020987,-0.0032796229188337246,1.0,-1.0,0.0,0.0,0.014567921861479594,2.028479569788014,4.37503001581925
2020-05-18,176.04812622070312,0.009554616930238957,0.014567921861479594,-0.0015424779149111113,1.0,-1.0,0.0,-0.0,0.009554616930238957,2.028479569788014,4.4168317516787
2020-05-19,174.82948303222656,-0.00692221618393607,0.009554616930238957,-0.0018624570633203109,-1.0,-1.0,0.0,0.0,-0.00692221618393607,2.028479569788014,4.386257487445507
2020-05-20,177.25450134277344,0.013870762919889534,-0.00692221618393607,0.0012834873506283317,1.0,1.0,1.0,-0.012011310413908571,0.013870762919889534,2.0041148720070185,4.447098225159453
2020-05-21,175.1254425048828,-0.012011310413908571,0.013870762919889534,0.007082102819738601,-1.0,1.0,1.0,0.0004361759031372703,-0.012011310413908571,2.004989018621307,4.393682747935921
2020-05-22,175.2018280029297,0.0004361759031372703,-0.012011310413908571,0.0038119550227526887,1.0,1.0,1.0,-0.01057165254880521,0.0004361759031372703,1.9837929713522724,4.395599166476601
2020-05-26,173.3496551513672,-0.01057165254880521,0.0004361759031372703,0.000985605831084224,-1.0,1.0,1.0,0.0013216681485370696,-0.01057165254880521,1.9864148873358003,4.349130419344792
2020-05-27,173.57876586914062,0.0013216681485370696,-0.01057165254880521,-0.003039648064724609,1.0,-1.0,0.0,-0.0,0.0013216681485370696,1.9864148873358003,4.354878526493874
2020-05-28,173.18734741210938,-0.0022549904365971596,0.0013216681485370696,-0.0013908711982299816,-1.0,-1.0,0.0,0.0,-0.0022549904365971596,1.9864148873358003,4.345058317064088
2020-05-29,174.95361328125,0.010198584917047615,-0.0022549904365971596,-0.0046160218695273205,1.0,-1.0,0.0,-0.0,0.010198584917047615,1.9864148873358003,4.38937176328019
2020-06-01,174.55262756347656,-0.0022919544801216496,0.010198584917047615,-0.00017404280333608302,-1.0,-1.0,0.0,0.0,-0.0022919544801216496,1.9864148873358003,4.37931152300242
2020-06-02,176.53846740722656,0.01137673990629473,-0.0022919544801216496,-0.000719668879987867,1.0,-1.0,0.0,0.0,0.01137673990629473,1.9864148873358003,4.429133811168258
2020-06-03,176.96803283691406,0.0024332681482761576,0.01137673990629473,0.0036700096110321213,1.0,1.0,1.0,-0.013163470896189855,0.0024332681482761576,1.9602667727785972,4.439911081395427
2020-06-04,174.63851928710938,-0.013163470896189855,0.0024332681482761576,0.003892329610979939,-1.0,1.0,1.0,0.023398202376386124,-0.013163470896189855,2.006133491439776,4.381466441093807
2020-06-05,178.72474670410156,0.023398202376386124,-0.013163470896189855,0.0017106335190613998,1.0,1.0,1.0,0.006196584024202423,0.023398202376386124,2.0185646661832495,4.483984879587864
2020-06-08,179.8322296142578,0.006196584024202423,0.023398202376386124,0.004350557010929101,1.0,1.0,1.0,0.007645166915065449,0.006196584024202423,2.033996929985074,4.511770268657484
2020-06-09,181.2070770263672,0.007645166915065449,0.006196584024202423,0.006048264711793916,1.0,1.0,1.0,0.03709147177314276,0.007645166915065449,2.1094408697002742,4.5462635054438
2020-06-10,187.92831420898438,0.03709147177314276,0.007645166915065449,0.0053019501135480596,1.0,1.0,1.0,-0.053698298239617026,0.03709147177314276,1.9961674847602717,4.714891109929238
2020-06-11,177.83688354492188,-0.053698298239617026,0.03709147177314276,0.01223359083852138,-1.0,1.0,1.0,0.007891739637115203,-0.053698298239617026,2.011920718822075,4.4617094809409386
2020-06-12,179.24032592773438,0.007891739637115203,-0.053698298239617026,0.004126625369835946,1.0,1.0,1.0,0.006391840972447271,0.007891739637115203,2.0247805961059577,4.496920130500973
2020-06-15,180.38600158691406,0.006391840972447271,0.007891739637115203,0.0010253328219817614,1.0,1.0,1.0,0.024505114586411247,0.006391840972447271,2.0743980766258763,4.525663728840932
2020-06-16,184.80638122558594,0.024505114586411247,0.006391840972447271,0.0010643842116307312,1.0,1.0,1.0,0.0034611815525957823,0.024505114586411247,2.081577944981434,4.636565637095744
2020-06-17,185.44602966308594,0.0034611815525957823,0.024505114586411247,0.004436373745899891,1.0,1.0,1.0,0.01070828709452365,0.0034611815525957823,2.1038680792259234,4.6526136325462595
2020-06-18,187.4318389892578,0.01070828709452365,0.0034611815525957823,-0.0022896842982095046,1.0,-1.0,0.0,-0.0,0.01070828709452365,2.1038680792259234,4.702435155063459
2020-06-19,186.31480407714844,-0.0059596860284415465,0.01070828709452365,0.01059163276861863,-1.0,1.0,1.0,0.027773621459933118,-0.0059596860284415465,2.1623001148599807,4.674410117970175
2020-06-22,191.48944091796875,0.027773621459933118,-0.0059596860284415465,0.007821347635507282,1.0,1.0,1.0,0.006681008859988458,0.027773621459933118,2.1767464610853144,4.80423541513516
2020-06-23,192.76878356933594,0.006681008859988458,0.027773621459933118,0.01209770373300445,1.0,1.0,1.0,-0.02015760733838634,0.006681008859988458,2.1328684606475345,4.8363325545091485
2020-06-24,188.88302612304688,-0.02015760733838634,0.006681008859988458,0.008532882587719892,-1.0,1.0,1.0,0.012636689109092547,-0.02015760733838634,2.159820856295326,4.738843661917498
2020-06-25,191.26988220214844,0.012636689109092547,-0.02015760733838634,0.0038091248095234675,1.0,1.0,1.0,-0.020016014279305994,0.012636689109092547,2.116589851194976,4.798726956009743
2020-06-26,187.44142150878906,-0.020016014279305994,0.012636689109092547,0.004194805212437247,-1.0,1.0,1.0,0.010747091315393753,-0.020016014279305994,2.1393370356030044,4.702675568735761
2020-06-29,189.45587158203125,0.010747091315393753,-0.020016014279305994,0.0013835395622643575,1.0,1.0,1.0,0.025549484624095342,0.010747091315393753,2.193995994299901,4.753215652499636
2020-06-30,194.29637145996094,0.025549484624095342,0.010747091315393753,-0.0020217664666435154,1.0,-1.0,0.0,0.0,0.025549484624095342,2.193995994299901,4.874657862728184
2020-07-01,195.4324493408203,0.005847138947180364,0.025549484624095342,0.0017519286861778615,1.0,1.0,1.0,0.007621022745327943,0.005847138947180364,2.210716487675619,4.903160664571521
2020-07-02,196.92184448242188,0.007621022745327943,0.005847138947180364,0.006952877943291203,1.0,1.0,1.0,0.021526453511572896,0.007621022745327943,2.258305373374836,4.940527763520218
2020-07-06,201.16087341308594,0.021526453511572896,0.007621022745327943,0.005949744670538282,1.0,1.0,1.0,-0.01162821480149212,0.021526453511572896,2.2320453134058695,5.046879804744271
2020-07-07,198.8217315673828,-0.01162821480149212,0.021526453511572896,0.01425823822871406,-1.0,1.0,1.0,0.02199281794808461,-0.01162821480149212,2.2811342796354803,4.988193602297392
2020-07-08,203.1943817138672,0.02199281794808461,-0.01162821480149212,0.009783177005336884,1.0,1.0,1.0,0.007000989070214736,0.02199281794808461,2.2971044757949004,5.097898036082519
2020-07-09,204.616943359375,0.007000989070214736,0.02199281794808461,0.009071843670134739,1.0,1.0,1.0,-0.003032861995606817,0.007000989070214736,2.2901376749303237,5.1335883645142015
2020-07-10,203.99636840820312,-0.003032861995606817,0.007000989070214736,0.009302613694741613,-1.0,1.0,1.0,-0.030888901621394904,-0.003032861995606817,2.219397837589951,5.118018899462377
2020-07-13,197.6951446533203,-0.030888901621394904,-0.003032861995606817,0.007171836746554661,-1.0,1.0,1.0,0.006181697972136524,-0.030888901621394904,2.233117484701945,4.959928917180443
2020-07-14,198.917236328125,0.006181697972136524,-0.030888901621394904,-0.0033112342800388993,1.0,-1.0,0.0,-0.0,0.006181697972136524,2.233117484701945,4.9905896997097186
2020-07-15,198.62124633789062,-0.0014880057439875527,0.006181697972136524,0.00025074827468682945,-1.0,1.0,1.0,-0.01980388177101633,-0.0014880057439875527,2.188893090054118,4.983163673570665
2020-07-16,194.68777465820312,-0.01980388177101633,-0.0014880057439875527,-0.004445416463727603,-1.0,-1.0,0.0,-0.0,-0.01980388177101633,2.188893090054118,4.884477689333648
2020-07-17,193.6948699951172,-0.005099984654039491,-0.01980388177101633,-0.009806390631973815,-1.0,-1.0,0.0,0.0,-0.005099984654039491,2.188893090054118,4.859566928075049
2020-07-20,202.0200958251953,0.042981137447202444,-0.005099984654039491,-0.010219815163660351,1.0,-1.0,0.0,-0.0,0.042981137447202444,2.188893090054118,5.068436642144522
2020-07-21,199.29913330078125,-0.013468771575915195,0.042981137447202444,0.004554192650059119,-1.0,1.0,1.0,0.014371192750964212,-0.013468771575915195,2.2203500945625394,5.0001710267644786
2020-07-22,202.16329956054688,0.014371192750964212,-0.013468771575915195,0.0006240987404487752,1.0,1.0,1.0,-0.04349461324325943,0.014371192750964212,2.1237768259349075,5.072029448377897
2020-07-23,193.3702850341797,-0.04349461324325943,0.014371192750964212,0.0037959384394391283,-1.0,1.0,1.0,-0.006122208224520143,-0.04349461324325943,2.1107746219841235,4.851423489162278
2020-07-24,192.18643188476562,-0.006122208224520143,-0.04349461324325943,-0.0009422078550094914,-1.0,-1.0,0.0,0.0,-0.006122208224520143,2.1107746219841235,4.821722064376298
2020-07-27,194.62100219726562,0.012667753330056986,-0.006122208224520143,-0.0011466525691056217,1.0,-1.0,0.0,-0.0,0.012667753330056986,2.1107746219841235,4.8828024501139105
2020-07-28,192.87380981445312,-0.00897740923685908,0.012667753330056986,-0.0072093293925347135,-1.0,-1.0,0.0,0.0,-0.00897740923685908,2.1107746219841235,4.8389675342965
2020-07-29,194.8214569091797,0.010098038176361124,-0.00897740923685908,-0.00631105692472349,1.0,-1.0,0.0,-0.0,0.010098038176361124,2.1107746219841235,4.887831613191998
2020-07-30,194.668701171875,-0.0007840806640507791,0.010098038176361124,-0.007165687839644108,-1.0,-1.0,0.0,0.0,-0.0007840806640507791,2.1107746219841235,4.883999158934958
2020-07-31,195.72840881347656,0.005443646745585173,-0.0007840806640507791,0.0013764186761976217,1.0,1.0,1.0,0.056241252514080076,0.005443646745585173,2.2294872304994446,4.910585925061935
2020-08-03,206.73641967773438,0.056241252514080076,0.005443646745585173,0.003689589670218685,1.0,1.0,1.0,-0.015008696789457932,0.056241252514080076,2.19602553266091,5.18676342806543
2020-08-04,203.63357543945312,-0.015008696789457932,0.056241252514080076,0.012404289507023302,-1.0,1.0,1.0,-0.0016409485565362925,-0.015008696789457932,2.1924219677329733,5.108916868454947
2020-08-05,203.29942321777344,-0.0016409485565362925,-0.015008696789457932,0.011198031996503533,-1.0,1.0,1.0,0.016014043229555464,-0.0016409485565362925,2.227531507901676,5.100533398694192
2020-08-06,206.55506896972656,0.016014043229555464,-0.0016409485565362925,0.008850234649924049,1.0,1.0,1.0,-0.017887988683878087,0.016014043229555464,2.187685449495349,5.182213561034672
2020-08-07,202.86021423339844,-0.017887988683878087,0.016014043229555464,0.012209859428645298,-1.0,1.0,1.0,-0.019907711727885635,-0.017887988683878087,2.144133638215506,5.089514183497444
2020-08-10,198.8217315673828,-0.019907711727885635,-0.017887988683878087,0.007543532342752646,-1.0,1.0,1.0,-0.02338506863517298,-0.019907711727885635,2.093992925922853,4.988193602297392
2020-08-11,194.17227172851562,-0.02338506863517298,-0.019907711727885635,-0.007686260505640497,-1.0,-1.0,0.0,0.0,-0.02338506863517298,2.093992925922853,4.871544352542137
2020-08-12,199.71923828125,0.028567243424385103,-0.02338506863517298,-0.009361534874783506,1.0,-1.0,0.0,-0.0,0.028567243424385103,2.093992925922853,5.010710945913897
2020-08-13,199.25135803222656,-0.0023426899333781614,0.028567243424385103,-0.003319896478599227,-1.0,-1.0,0.0,0.0,-0.0023426899333781614,2.093992925922853,4.998972403821837
2020-08-14,199.44232177734375,0.0009584062412577588,-0.0023426899333781614,-0.006991243111185952,1.0,-1.0,0.0,0.0,0.0009584062412577588,2.093992925922853,5.003763450173535
2020-08-17,200.75985717773438,0.006606097385195575,0.0009584062412577588,-0.003221964126158783,1.0,-1.0,0.0,0.0,0.006606097385195575,2.093992925922853,5.036818798817864
2020-08-18,201.9150848388672,0.0057542761654292285,0.006606097385195575,0.002080797696457459,1.0,1.0,1.0,-0.0060670125923592,0.0057542761654292285,2.081288644472968,5.065802045181488
2020-08-19,200.6900634765625,-0.0060670125923592,0.0057542761654292285,0.007908666656577901,-1.0,1.0,1.0,0.023271375679494444,-0.0060670125923592,2.129723094415964,5.035067760382972
2020-08-20,205.3603973388672,0.023271375679494444,-0.0060670125923592,0.0009818154532290403,1.0,1.0,1.0,-0.007269904318453313,0.023271375679494444,2.11424021129476,5.152240713806555
2020-08-21,203.86744689941406,-0.007269904318453313,0.023271375679494444,0.006104628575803561,-1.0,1.0,1.0,0.0031452046108211285,-0.007269904318453313,2.1208899293557075,5.114784416791542
2020-08-24,204.50865173339844,0.0031452046108211285,-0.007269904318453313,0.004458966463861347,1.0,1.0,1.0,0.013009488625371102,0.0031452046108211285,2.1484816227673247,5.130871460322591
2020-08-25,207.16920471191406,0.013009488625371102,0.0031452046108211285,0.0037667879089864575,1.0,1.0,1.0,0.02161936463180747,0.013009488625371102,2.194930430374669,5.197621474223898
2020-08-26,211.6480712890625,0.02161936463180747,0.013009488625371102,0.005217830400974832,1.0,1.0,1.0,0.024553861096387797,0.02161936463180747,2.248824447278323,5.3099907480932576
2020-08-27,216.8448486328125,0.024553861096387797,0.02161936463180747,0.010755105845808166,1.0,1.0,1.0,0.010283197468127891,0.024553861096387797,2.2719495531408396,5.440371523345044
2020-08-28,219.07470703125,0.010283197468127891,0.024553861096387797,0.011011602929186837,1.0,1.0,1.0,-0.01476561019914635,0.010283197468127891,2.2384028316470372,5.49631593801958
2020-08-31,215.83993530273438,-0.01476561019914635,0.010283197468127891,0.014522223286503077,-1.0,1.0,1.0,0.007715220462845451,-0.01476561019914635,2.2556726029778518,5.415159479347428
2020-09-01,217.50518798828125,0.007715220462845451,-0.01476561019914635,0.010940060324509582,1.0,1.0,1.0,0.01927212752255092,0.007715220462845451,2.2991442130315654,5.45693862857206
2020-09-02,221.6969757080078,0.01927212752255092,0.007715220462845451,0.009881206692004452,1.0,1.0,1.0,-0.06194698610027183,0.01927212752255092,2.156719158424379,5.562105445704635
2020-09-03,207.96351623535156,-0.06194698610027183,0.01927212752255092,0.009411759270153142,-1.0,1.0,1.0,-0.014035926224606032,-0.06194698610027183,2.1264476074295398,5.217549776971324
2020-09-04,205.0445556640625,-0.014035926224606032,-0.06194698610027183,-0.007888410169178784,-1.0,-1.0,0.0,-0.0,-0.014035926224606032,2.1264476074295398,5.144316633228544
2020-09-08,193.95257568359375,-0.05409546205480065,-0.014035926224606032,-0.012752234907725568,-1.0,-1.0,0.0,0.0,-0.05409546205480065,2.1264476074295398,4.86603244799785
2020-09-09,202.21177673339844,0.042583611074484606,-0.05409546205480065,-0.020618205278856428,1.0,-1.0,0.0,-0.0,0.042583611074484606,2.1264476074295398,5.073245681239213
2020-09-10,196.54612731933594,-0.02801839490057123,0.042583611074484606,-0.013644527156528596,-1.0,-1.0,0.0,-0.0,-0.02801839490057123,2.1264476074295398,4.931101480314635
2020-09-11,195.26370239257812,-0.00652480384248022,-0.02801839490057123,-0.023102631641153025,-1.0,-1.0,0.0,0.0,-0.00652480384248022,2.1264476074295398,4.898927010428218
2020-09-14,196.58441162109375,0.006763721123449473,-0.00652480384248022,-0.012018195189594705,1.0,-1.0,0.0,0.0,0.006763721123449473,2.1264476074295398,4.932061986530888
2020-09-15,199.8096160888672,0.0164062065815771,0.006763721123449473,-0.007858265719983604,1.0,-1.0,0.0,-0.0,0.0164062065815771,2.1264476074295398,5.012978414355057
2020-09-16,196.23985290527344,-0.017865822744016824,0.0164062065815771,0.006242068007291946,-1.0,1.0,1.0,-0.010436385054555464,-0.017865822744016824,2.1042551814000667,4.923417430584608
2020-09-17,194.1918182373047,-0.010436385054555464,-0.017865822744016824,-0.005847818756408341,-1.0,-1.0,0.0,-0.0,-0.010436385054555464,2.1042551814000667,4.872034750494716
2020-09-18,191.7800750732422,-0.012419386078950656,-0.010436385054555464,-0.002331416787205187,-1.0,-1.0,0.0,0.0,-0.012419386078950656,2.1042551814000667,4.811527069938259
2020-09-21,193.83770751953125,0.010729125251949245,-0.012419386078950656,-0.003510333234499274,1.0,-1.0,0.0,0.0,0.010729125251949245,2.1042551814000667,4.86315054652477
2020-09-22,198.50802612304688,0.024093963260708895,0.010729125251949245,-0.0027172524087993198,1.0,-1.0,0.0,-0.0,0.024093963260708895,2.1042551814000667,4.980323117124034
2020-09-23,191.97145080566406,-0.032928519037971116,0.024093963260708895,-0.0011797010729729606,-1.0,-1.0,0.0,0.0,-0.032928519037971116,2.1042551814000667,4.816328452546568
2020-09-24,194.45977783203125,0.012961963958308287,-0.032928519037971116,-0.004192240331763819,1.0,-1.0,0.0,0.0,0.012961963958308287,2.1042551814000667,4.878757528359851
2020-09-25,198.890869140625,0.022786672688792198,0.012961963958308287,0.00048742947080893106,1.0,1.0,1.0,0.007795228544037469,0.022786672688792198,2.1206583314540555,4.989928179286568
2020-09-28,200.44126892089844,0.007795228544037469,0.022786672688792198,0.007528641224357502,1.0,1.0,1.0,-0.010408705950364805,0.007795228544037469,2.098585022460759,5.02882580986244
2020-09-29,198.3549346923828,-0.010408705950364805,0.007795228544037469,0.006941861882775147,-1.0,1.0,1.0,0.014812311563258795,-0.010408705950364805,2.1296699176554363,4.976482240731976
2020-09-30,201.29302978515625,0.014812311563258795,-0.010408705950364805,4.132804056040662e-05,1.0,1.0,1.0,0.010126789539673497,0.014812311563258795,2.151236636700507,5.050195446170723
2020-10-01,203.33148193359375,0.010126789539673497,0.014812311563258795,0.00958949416080639,1.0,1.0,1.0,-0.02951139211552678,0.010126789539673497,2.0877506487815514,5.101337712588311
2020-10-02,197.3308868408203,-0.02951139211552678,0.010126789539673497,0.00902245927707943,-1.0,1.0,1.0,0.02032101539427278,-0.02951139211552678,2.1301758618548443,4.9507901350383925
2020-10-05,201.34085083007812,0.02032101539427278,-0.02951139211552678,-0.0014371536837843647,1.0,-1.0,0.0,-0.0,0.02032101539427278,2.1301758618548443,5.051395217586322
2020-10-06,197.06292724609375,-0.021247171482327465,0.02032101539427278,0.0010680036862626974,-1.0,1.0,1.0,0.01903735242803628,-0.021247171482327465,2.170728770470671,4.944067357173256
2020-10-07,200.81448364257812,0.01903735242803628,-0.021247171482327465,-0.0010996894201298346,1.0,-1.0,0.0,0.0,0.01903735242803628,2.170728770470671,5.038189309879713
2020-10-08,201.53225708007812,0.003574311097886529,0.01903735242803628,-0.0002546812471743376,1.0,-1.0,0.0,0.0,0.003574311097886529,2.170728770470671,5.0561973658432695
2020-10-09,206.5375213623047,0.024836045379265315,0.003574311097886529,-0.0015651769355317312,1.0,-1.0,0.0,0.0,0.024836045379265315,2.170728770470671,5.1817733130678745
2020-10-12,211.88734436035156,0.025902426652357757,0.024836045379265315,0.009304310563426687,1.0,1.0,1.0,0.006594581445284575,0.025902426652357757,2.185043818143162,5.31599381623876
2020-10-13,213.28465270996094,0.006594581445284575,0.025902426652357757,0.010420592815043683,1.0,1.0,1.0,-0.008974287340739684,0.006594581445284575,2.1654346070670383,5.351050570422576
2020-10-14,211.37057495117188,-0.008974287340739684,0.006594581445284575,0.015988943400566093,-1.0,1.0,1.0,-0.005433289379400574,-0.008974287340739684,2.1536691742146745,5.303028705028774
2020-10-15,210.22213745117188,-0.005433289379400574,-0.008974287340739684,0.010386615446810899,-1.0,1.0,1.0,0.0,-0.005433289379400574,2.1536691742146745,5.274215815487085
2020-10-16,210.22213745117188,0.0,-0.005433289379400574,0.008585095351353478,0.0,1.0,1.0,-0.024765629502483733,0.0,2.1003322013751538,5.274215815487085
2020-10-19,205.01585388183594,-0.024765629502483733,0.0,0.003617886275500415,-1.0,1.0,1.0,0.002007008229210072,-0.024765629502483733,2.1045475853873885,5.143596540684592
2020-10-20,205.4273223876953,0.002007008229210072,-0.024765629502483733,-0.006515724955467883,1.0,-1.0,0.0,0.0,0.002007008229210072,2.1045475853873885,5.153919781269482
2020-10-21,205.57095336914062,0.0006991814904457883,0.002007008229210072,-0.007433239598682783,1.0,-1.0,0.0,0.0,0.0006991814904457883,2.1045475853873885,5.157523306583788
2020-10-22,205.65708923339844,0.00041900795246663236,0.0006991814904457883,-0.005498545832445689,1.0,-1.0,0.0,0.0,0.00041900795246663236,2.1045475853873885,5.159684349864278
2020-10-23,206.93951416015625,0.006235743837171626,0.00041900795246663236,-0.004328086366072248,1.0,-1.0,0.0,-0.0,0.006235743837171626,2.1045475853873885,5.191858819750696
2020-10-26,201.05372619628906,-0.028442069112581403,0.006235743837171626,-0.003080937598637923,-1.0,-1.0,0.0,0.0,-0.028442069112581403,2.1045475853873885,5.044191612376581
2020-10-27,204.08755493164062,0.0150896419218296,-0.028442069112581403,-0.0038162255206574567,1.0,-1.0,0.0,-0.0,0.0150896419218296,2.1045475853873885,5.12030665759244
2020-10-28,193.97164916992188,-0.049566499853982204,0.0150896419218296,-0.0011996987821335514,-1.0,-1.0,0.0,0.0,-0.049566499853982204,2.1045475853873885,4.866510978396541
2020-10-29,195.92404174804688,0.010065350201846623,-0.049566499853982204,-0.01125283505101915,1.0,-1.0,0.0,-0.0,0.010065350201846623,2.1045475853873885,4.915494115655233
2020-10-30,193.77073669433594,-0.010990509559209882,0.010065350201846623,-0.009323566601143151,-1.0,-1.0,0.0,-0.0,-0.010990509559209882,2.1045475853873885,4.861470330588884
2020-11-02,193.63670349121094,-0.0006917102417607346,-0.010990509559209882,-0.012768817280419453,-1.0,-1.0,0.0,0.0,-0.0006917102417607346,2.1045475853873885,4.8581076017711995
2020-11-03,197.56057739257812,0.020264101952888858,-0.0006917102417607346,-0.007218745506255319,1.0,-1.0,0.0,0.0,0.020264101952888858,2.1045475853873885,4.956552789511595
2020-11-04,207.09263610839844,0.048248789518765545,0.020264101952888858,-0.006183853500043468,1.0,-1.0,0.0,0.0,0.048248789518765545,2.1045475853873885,5.1957004617913904
2020-11-05,213.69613647460938,0.03188669809946543,0.048248789518765545,0.013379204374506081,1.0,1.0,1.0,0.0019259838955101305,0.03188669809946543,2.108600910144179,5.361374193831786
2020-11-06,214.1077117919922,0.0019259838955101305,0.03188669809946543,0.017743473954029844,1.0,1.0,1.0,-0.023824518700893083,0.0019259838955101305,2.058364508327729,5.371700114186909
2020-11-09,209.00669860839844,-0.023824518700893083,0.0019259838955101305,0.020326772644973845,-1.0,1.0,1.0,-0.03379297319510921,-0.023824518700893083,1.9888062516720457,5.243721944360874
2020-11-10,201.94374084472656,-0.03379297319510921,-0.023824518700893083,0.015700210953147376,-1.0,1.0,1.0,0.026254922235944722,-0.03379297319510921,2.041022205152056,5.0665209892524805
2020-11-11,207.24575805664062,0.026254922235944722,-0.03379297319510921,0.004888795923547762,1.0,1.0,1.0,-0.005125732786592452,0.026254922235944722,2.030560470716945,5.199542103832086
2020-11-12,206.1834716796875,-0.005125732786592452,0.026254922235944722,0.0004900224669835973,-1.0,1.0,1.0,0.004966460535624995,-0.005125732786592452,2.0406451691599607,5.172890640395206
2020-11-13,207.2074737548828,0.004966460535624995,-0.005125732786592452,-0.006912463710227979,1.0,-1.0,0.0,0.0,0.004966460535624995,2.0406451691599607,5.198581597615832
2020-11-16,207.89654541015625,0.003325515449739802,0.004966460535624995,-0.006304368382205006,1.0,-1.0,0.0,-0.0,0.003325515449739802,2.0406451691599607,5.215869561035436
2020-11-17,205.24554443359375,-0.012751539335742135,0.003325515449739802,-0.0008743615520784287,-1.0,-1.0,0.0,-0.0,-0.012751539335742135,2.0406451691599607,5.149359195157793
2020-11-18,202.53965759277344,-0.013183656913418607,-0.012751539335742135,0.0033339252197949866,-1.0,1.0,1.0,0.006348221463609249,-0.013183656913418607,2.0535996366224327,5.081471810204875
2020-11-19,203.82542419433594,0.006348221463609249,-0.013183656913418607,-0.00455379061007768,1.0,-1.0,0.0,-0.0,0.006348221463609249,2.0535996366224327,5.113730118617143
2020-11-20,201.87759399414062,-0.009556365246850551,0.006348221463609249,-0.002258999760037339,-1.0,-1.0,0.0,-0.0,-0.009556365246850551,2.0535996366224327,5.064861445829817
2020-11-23,201.60887145996094,-0.0013311161920598336,-0.009556365246850551,-0.005163564916532448,-1.0,-1.0,0.0,0.0,-0.0013311161920598336,2.0535996366224327,5.058119526748733
2020-11-24,205.20716857910156,0.017847910625576002,-0.0013311161920598336,-0.006094891244892375,1.0,-1.0,0.0,0.0,0.017847910625576002,2.0535996366224327,5.148396391995625
2020-11-25,205.2167510986328,4.669680692725997e-05,0.017847910625576002,2.499874737125207e-05,1.0,1.0,1.0,0.00635909431756887,4.669680692725997e-05,2.06665867040224,5.148636805667928
2020-11-27,206.52174377441406,0.00635909431756887,4.669680692725997e-05,0.0026710694914404256,1.0,1.0,1.0,-0.005389368839543107,0.00635909431756887,2.055520684562002,5.181377472722077
2020-11-30,205.40872192382812,-0.005389368839543107,0.00635909431756887,0.0026732440622323494,-1.0,1.0,1.0,0.009996533861410528,-0.005389368839543107,2.076068766688056,5.153453118424678
2020-12-01,207.46209716796875,0.009996533861410528,-0.005389368839543107,0.0035066433436938384,1.0,1.0,1.0,-0.003885192931337711,0.009996533861410528,2.0680028389907483,5.204969787026202
2020-12-02,206.65606689453125,-0.003885192931337711,0.009996533861410528,0.005772173354387911,-1.0,1.0,1.0,-0.00524668377510773,-0.003885192931337711,2.057152682048539,5.184747475201821
2020-12-03,205.57180786132812,-0.00524668377510773,-0.003885192931337711,0.0014255526430051678,-1.0,1.0,1.0,0.0005601099852334812,-0.00524668377510773,2.058304913806904,5.157544744745649
2020-12-04,205.68695068359375,0.0005601099852334812,-0.00524668377510773,0.00036687652659816994,1.0,1.0,1.0,-0.00032663447058212114,0.0005601099852334812,2.057632600471086,5.160433537056469
2020-12-07,205.61976623535156,-0.00032663447058212114,0.0005601099852334812,-0.0007929203398689078,-1.0,-1.0,0.0,0.0,-0.00032663447058212114,2.057632600471086,5.158747961580119
2020-12-08,207.27012634277344,0.008026271684079544,-0.00032663447058212114,0.00021962653392328945,1.0,1.0,1.0,-0.019489599816838732,0.008026271684079544,2.017530164517823,5.200153474269452
2020-12-09,203.2305145263672,-0.019489599816838732,0.008026271684079544,-0.00017442590154290727,-1.0,-1.0,0.0,-0.0,-0.019489599816838732,2.017530164517823,5.098804564069797
2020-12-10,202.00228881835938,-0.006043510300951738,-0.019489599816838732,-0.0032953072786431115,-1.0,-1.0,0.0,0.0,-0.006043510300951738,2.017530164517823,5.067989886164302
2020-12-11,204.63148498535156,0.013015675131069271,-0.006043510300951738,-0.003454672583811913,1.0,-1.0,0.0,0.0,0.013015675131069271,2.017530164517823,5.133953196090161
2020-12-14,205.53343200683594,0.004407664937528644,0.013015675131069271,-0.000963559554644755,1.0,-1.0,0.0,-0.0,0.004407664937528644,2.017530164517823,5.156581941583481
2020-12-15,205.46624755859375,-0.00032687844301626523,0.004407664937528644,-1.6699673022602114e-05,-1.0,-1.0,0.0,0.0,-0.00032687844301626523,2.017530164517823,5.15489636610713
2020-12-16,210.40789794921875,0.0240509107911544,-0.00032687844301626523,-0.001687329698441764,1.0,-1.0,0.0,0.0,0.0240509107911544,2.017530164517823,5.278876318746019
2020-12-17,210.54222106933594,0.0006383939073884015,0.0240509107911544,0.007020772423156863,1.0,1.0,1.0,-0.0037827685633415875,0.0006383939073884015,2.0098983148358918,5.282246321225764
2020-12-18,209.74578857421875,-0.0037827685633415875,0.0006383939073884015,0.00835715326482489,-1.0,1.0,1.0,0.018299201943852372,-0.0037827685633415875,2.046677849985682,5.262264805898004
2020-12-21,213.58396911621094,0.018299201943852372,-0.0037827685633415875,0.004997464525942718,1.0,1.0,1.0,0.006064752273612362,0.018299201943852372,2.059090444129735,5.358560052263159
2020-12-22,214.87930297851562,0.006064752273612362,0.018299201943852372,0.007775771927207464,1.0,1.0,1.0,-0.013039106454684646,0.006064752273612362,2.0322417446289034,5.39105839152341
2020-12-23,212.0774688720703,-0.013039106454684646,0.006064752273612362,0.00905409807053319,-1.0,1.0,1.0,0.007827345690883947,-0.013039106454684646,2.048148803291559,5.3207638072529155
2020-12-24,213.7374725341797,0.007827345690883947,-0.013039106454684646,0.0016360946213653804,1.0,1.0,1.0,0.009921542739356859,0.007827345690883947,2.068469599179979,5.362411264911828
2020-12-28,215.8580780029297,0.009921542739356859,0.007827345690883947,0.0030738849780644895,1.0,1.0,1.0,-0.0036007556652806194,0.009921542739356859,2.0610215455522707,5.41561465746266
2020-12-29,215.08082580566406,-0.0036007556652806194,0.009921542739356859,0.005814747238604178,-1.0,1.0,1.0,-0.01101923254147752,-0.0036007556652806194,2.0383106698688347,5.396114352303824
2020-12-30,212.71080017089844,-0.01101923254147752,-0.0036007556652806194,0.0014347557167775804,-1.0,1.0,1.0,0.0033378968688790867,-0.01101923254147752,2.0451143406715926,5.336653313435384
2020-12-31,213.42080688476562,0.0033378968688790867,-0.01101923254147752,-0.0019820412462403956,1.0,-1.0,0.0,-0.0,0.0033378968688790867,2.0451143406715926,5.354466511820593
2021-01-04,208.88218688964844,-0.021266061455609497,0.0033378968688790867,0.0012933594184723507,-1.0,1.0,1.0,0.0009646948423889246,-0.021266061455609497,2.0470872519281342,5.240598097918213
2021-01-05,209.0836944580078,0.0009646948423889246,-0.021266061455609497,-0.004525322010826338,1.0,-1.0,0.0,-0.0,0.0009646948423889246,2.0470872519281342,5.245653675874308
2021-01-06,203.66229248046875,-0.02592933892617766,0.0009646948423889246,-0.006316691590219925,-1.0,-1.0,0.0,0.0,-0.02592933892617766,2.0470872519281342,5.109637343823214
2021-01-07,209.4579315185547,0.028457104000445987,-0.02592933892617766,-0.010782408242399334,1.0,-1.0,0.0,0.0,0.028457104000445987,2.0470872519281342,5.255042825120953
2021-01-08,210.73410034179688,0.00609272140706274,0.028457104000445987,-0.0028871409340146315,1.0,-1.0,0.0,-0.0,0.00609272140706274,2.0470872519281342,5.287060337036599
2021-01-11,208.6903076171875,-0.00969844330506775,0.00609272140706274,-0.002336176026377901,-1.0,-1.0,0.0,-0.0,-0.00969844330506775,2.0470872519281342,5.235784082107377
2021-01-12,206.23388671875,-0.011770651576897606,-0.00969844330506775,-2.265239626955129e-05,-1.0,-1.0,0.0,0.0,-0.011770651576897606,2.0470872519281342,5.174155491945024
2021-01-13,207.58682250976562,0.006560201199430793,-0.011770651576897606,-0.0025697216801268572,1.0,-1.0,0.0,-0.0,0.006560201199430793,2.0470872519281342,5.208098993009323
2021-01-14,204.40115356445312,-0.01534620023948119,0.006560201199430793,0.003928186344994833,-1.0,1.0,1.0,-0.0017371331584604688,-0.01534620023948119,2.043531188784548,5.128174462995562
2021-01-15,204.04608154296875,-0.0017371331584604688,-0.01534620023948119,-0.004832474502990602,-1.0,-1.0,0.0,0.0,-0.0017371331584604688,2.043531188784548,5.119266141093522
2021-01-19,207.68280029296875,0.017823026654075536,-0.0017371331584604688,-0.006398445416095244,1.0,-1.0,0.0,0.0,0.017823026654075536,2.043531188784548,5.2105069579755385
2021-01-20,215.2631378173828,0.0364995922325817,0.017823026654075536,-0.0008941514242665871,1.0,-1.0,0.0,0.0,0.0364995922325817,2.043531188784548,5.400688337266676
2021-01-21,215.86764526367188,0.002808225562529465,0.0364995922325817,0.008759897337629274,1.0,1.0,1.0,0.0043562278691424705,0.002808225562529465,2.0524332763005932,5.415854688310643
2021-01-22,216.80801391601562,0.0043562278691424705,0.002808225562529465,0.008009502210249009,1.0,1.0,1.0,0.015844343583135245,0.0043562278691424705,2.0849527343117598,5.439447385439087
2021-01-25,220.24319458007812,0.015844343583135245,0.0043562278691424705,0.01194998783197374,1.0,1.0,1.0,0.012198748248735791,0.015844343583135245,2.110386547828142,5.525631858716371
2021-01-26,222.9298858642578,0.012198748248735791,0.015844343583135245,0.015466283180292884,1.0,1.0,1.0,0.0024533993413933253,0.012198748248735791,2.115564168794669,5.593037650676045
2021-01-27,223.47682189941406,0.0024533993413933253,0.012198748248735791,0.014341427499224934,1.0,1.0,1.0,0.02589101281550299,0.0024533993413933253,2.1703382678009504,5.606759605564602
2021-01-28,229.2628631591797,0.02589101281550299,0.0024533993413933253,0.007532188920987259,1.0,1.0,1.0,-0.029171836671099016,0.02589101281550299,2.107025514331625,5.75192429036572
2021-01-29,222.57484436035156,-0.029171836671099016,0.02589101281550299,0.012148746371581965,-1.0,1.0,1.0,0.03315226612800126,-0.029171836671099016,2.176878184921236,5.584130094422644
2021-02-01,229.95370483398438,0.03315226612800126,-0.029171836671099016,0.005443133463533667,1.0,1.0,1.0,-0.0005841974975060449,0.03315226612800126,2.1756064581332293,5.769256661406324
2021-02-02,229.81936645507812,-0.0005841974975060449,0.03315226612800126,0.00890471797250687,-1.0,1.0,1.0,0.01457151313931293,-0.0005841974975060449,2.2073083362238917,5.76588627610226
2021-02-03,233.16818237304688,0.01457151313931293,-0.0005841974975060449,0.006348128823258503,1.0,1.0,1.0,-0.00407429924003222,0.01457151313931293,2.198315101547098,5.849903963734269
2021-02-04,232.2181854248047,-0.00407429924003222,0.01457151313931293,0.008771751582842425,-1.0,1.0,1.0,0.0007852864225612599,-0.00407429924003222,2.200041408548854,5.826069704460565
2021-02-05,232.40054321289062,0.0007852864225612599,-0.00407429924003222,0.0027786891717353824,1.0,1.0,1.0,0.0011147950685075347,0.0007852864225612599,2.2024940038616165,5.830644837896373
2021-02-08,232.6596221923828,0.0011147950685075347,0.0007852864225612599,0.008770113790467438,1.0,1.0,1.0,0.005361375027291171,0.0011147950685075347,2.214302400211679,5.837144812007879
2021-02-09,233.90699768066406,0.005361375027291171,0.0011147950685075347,0.002362619578568692,1.0,1.0,1.0,-0.003896974225029659,0.005361375027291171,2.205673320831633,5.868439934433661
2021-02-10,232.99546813964844,-0.003896974225029659,0.005361375027291171,0.0035517340835281353,-1.0,1.0,1.0,0.006877459913628314,-0.003896974225029659,2.220842750678212,5.845570775268038
2021-02-11,234.59788513183594,0.006877459913628314,-0.003896974225029659,-0.00014196338934038266,1.0,-1.0,0.0,0.0,0.006877459913628314,2.220842750678212,5.885773453947221
2021-02-12,235.07762145996094,0.0020449303191945045,0.006877459913628314,0.0020483884413917243,1.0,1.0,1.0,-0.0052653350986141545,0.0020449303191945045,2.209149269394563,5.8978094505351075
2021-02-16,233.83985900878906,-0.0052653350986141545,0.0020449303191945045,0.002300317220718373,-1.0,1.0,1.0,0.004359432921353212,-0.0052653350986141545,2.218779907447745,5.866755507430267
2021-02-17,234.85926818847656,0.004359432921353212,-0.0052653350986141545,0.0010242911872940352,1.0,1.0,1.0,-0.0016788228645019387,0.004359432921353212,2.215054969007824,5.8923312345308885
2021-02-18,234.46498107910156,-0.0016788228645019387,0.004359432921353212,0.0008239027661064435,-1.0,1.0,1.0,-0.011567368959976787,-0.0016788228645019387,2.1894326109146807,5.882439054129139
2021-02-19,231.75283813476562,-0.011567368959976787,-0.0016788228645019387,0.0012675330382119876,-1.0,1.0,1.0,-0.026808327068582494,-0.011567368959976787,2.1307375853866595,5.81439471120545
2021-02-22,225.53993225097656,-0.026808327068582494,-0.011567368959976787,-0.002421432736509033,-1.0,-1.0,0.0,-0.0,-0.026808327068582494,2.1307375853866595,5.6585205160816185
2021-02-23,224.34738159179688,-0.005287536656048308,-0.026808327068582494,-0.008192084214064432,-1.0,-1.0,0.0,0.0,-0.005287536656048308,2.1307375853866595,5.628600881433836
2021-02-24,225.57843017578125,0.005487242932143088,-0.005287536656048308,-0.008196524525551262,1.0,-1.0,0.0,-0.0,0.005487242932143088,2.1307375853866595,5.659486381838338
2021-02-25,220.2310791015625,-0.023705063777825885,0.005487242932143088,-0.007970962523393289,-1.0,-1.0,0.0,0.0,-0.023705063777825885,2.1307375853866595,5.5253278962071235
2021-02-26,223.49139404296875,0.014804063780220256,-0.023705063777825885,-0.012376210706058077,1.0,-1.0,0.0,0.0,0.014804063780220256,2.1307375853866595,5.607125202789204
2021-03-01,227.87696838378906,0.019623012150423724,0.014804063780220256,-0.007101924158018668,1.0,-1.0,0.0,-0.0,0.019623012150423724,2.1307375853866595,5.717153888772484
2021-03-02,224.9243927001953,-0.012956885044306143,0.019623012150423724,0.002184343685782575,-1.0,1.0,1.0,-0.026980637550120812,-0.012956885044306143,2.073248926880922,5.643077383055051
2021-03-03,218.8557891845703,-0.026980637550120812,-0.012956885044306143,0.0006504740081310079,-1.0,1.0,1.0,-0.003647440868614571,-0.026980637550120812,2.0656868740142054,5.490823557515558
2021-03-04,218.05752563476562,-0.003647440868614571,-0.026980637550120812,-0.005843102088321772,-1.0,-1.0,0.0,0.0,-0.003647440868614571,2.0656868740142054,5.4707961032695245
2021-03-05,222.7412567138672,0.021479337002780374,-0.003647440868614571,-0.0018315775064795092,1.0,-1.0,0.0,-0.0,0.021479337002780374,2.0656868740142054,5.588305176445148
2021-03-08,218.69229125976562,-0.018177887266312975,0.021479337002780374,-0.0004965228619674856,-1.0,-1.0,0.0,0.0,-0.018177887266312975,2.0656868740142054,5.4867215949379755
2021-03-09,224.837890625,0.028101582044035345,-0.018177887266312975,-0.008056702745314826,1.0,-1.0,0.0,-0.0,0.028101582044035345,2.0656868740142054,5.6409071519909055
2021-03-10,223.52987670898438,-0.005817586672689501,0.028101582044035345,0.0001549906723534722,-1.0,1.0,1.0,0.020264990968140717,-0.005817586672689501,2.10754799985911,5.608090685721605
2021-03-11,228.05970764160156,0.020264990968140717,-0.005817586672689501,0.004387600847839734,1.0,1.0,1.0,-0.005819570174763089,0.020264990968140717,2.0952829763772485,5.721738592816267
2021-03-12,226.7324981689453,-0.005819570174763089,0.020264990968140717,0.009170087215190793,-1.0,1.0,1.0,-0.0039872426003629835,-0.005819570174763089,2.0869285748340216,5.688440533553723
2021-03-15,225.82846069335938,-0.0039872426003629835,-0.005819570174763089,0.0037103057796820994,-1.0,1.0,1.0,0.01235042629359362,-0.0039872426003629835,2.1127030323775036,5.665759341128706
2021-03-16,228.61753845214844,0.01235042629359362,-0.0039872426003629835,0.006548434712872098,1.0,1.0,1.0,-0.0028186547946464913,0.01235042629359362,2.1067480518456287,5.735733884268556
2021-03-17,227.97314453125,-0.0028186547946464913,0.01235042629359362,0.0033982035627837526,-1.0,1.0,1.0,-0.026662051900987138,-0.0028186547946464913,2.050577825945017,5.719566830454846
2021-03-18,221.89491271972656,-0.026662051900987138,-0.0028186547946464913,0.003997989938392355,-1.0,1.0,1.0,-0.0016037568151240356,-0.026662051900987138,2.0472891977817156,5.567071442770094
2021-03-19,221.53904724121094,-0.0016037568151240356,-0.026662051900987138,-0.005387418635433216,-1.0,-1.0,0.0,0.0,-0.0016037568151240356,2.0472891977817156,5.558143214003469
2021-03-22,226.9633331298828,0.024484559070825807,-0.0016037568151240356,-0.004544255963505406,1.0,-1.0,0.0,0.0,0.024484559070825807,2.0472891977817156,5.694231899850846
2021-03-23,228.49249267578125,0.006737473955862994,0.024484559070825807,0.0011501043707323523,1.0,1.0,1.0,-0.008923178922225272,0.006737473955862994,2.0290208699643704,5.732596638974735
2021-03-24,226.45361328125,-0.008923178922225272,0.006737473955862994,2.751390318622704e-05,-1.0,1.0,1.0,-0.013250778391338924,-0.008923178922225272,2.0021347640650706,5.681443653476217
2021-03-25,223.4529266357422,-0.013250778391338924,-0.008923178922225272,-0.001193390922329529,-1.0,-1.0,0.0,0.0,-0.013250778391338924,2.0021347640650706,5.606160102681125
2021-03-26,227.43453979492188,0.017818576910698658,-0.013250778391338924,0.0014888637796001136,1.0,1.0,1.0,-0.005243422575418544,0.017818576910698658,1.9916367254441416,5.706053897644439
2021-03-29,226.24200439453125,-0.005243422575418544,0.017818576910698658,0.005373330524764653,-1.0,1.0,1.0,-0.014410808500926242,-0.005243422575418544,1.9629356299903542,5.676134645820975
2021-03-30,222.98167419433594,-0.014410808500926242,-0.005243422575418544,-0.0005722658044842177,-1.0,-1.0,0.0,0.0,-0.014410808500926242,1.9629356299903542,5.594336956414576
2021-03-31,226.75173950195312,0.016907511889660665,-0.014410808500926242,-0.0048019222958420645,1.0,-1.0,0.0,0.0,0.016907511889660665,1.9629356299903542,5.688923275019924
2021-04-01,233.0800323486328,0.027908464387437215,0.016907511889660665,0.0003642158665351225,1.0,1.0,1.0,0.02772872746836308,0.027908464387437215,2.017365337112296,5.84769238764368
2021-04-05,239.5430450439453,0.02772872746836308,0.027908464387437215,0.00859606442229035,1.0,1.0,1.0,-0.004858238835551476,0.02772872746836308,2.007564494486042,6.0098414561794735
2021-04-06,238.37928771972656,-0.004858238835551476,0.02772872746836308,0.010578094533823235,-1.0,1.0,1.0,0.0082303483614099,-0.004858238835551476,2.02408744963366,5.980644211021555
2021-04-07,240.3412322998047,0.0082303483614099,-0.004858238835551476,0.010655131281796648,1.0,1.0,1.0,0.013405558998369926,0.0082303483614099,2.0512214733575838,6.0298669963039115
2021-04-08,243.56314086914062,0.013405558998369926,0.0082303483614099,0.015183362654263876,1.0,1.0,1.0,0.010266596851527643,0.013405558998369926,2.0722805372777424,6.110700734075187
2021-04-09,246.06370544433594,0.010266596851527643,0.013405558998369926,0.01448297207600573,1.0,1.0,1.0,0.00023440361735627135,0.010266596851527643,2.0727662873318575,6.173436834992271
2021-04-12,246.1213836669922,0.00023440361735627135,0.010266596851527643,0.010954598568823814,1.0,1.0,1.0,0.010081581241094595,0.00023440361735627135,2.0936630490513957,6.174883910917913
2021-04-13,248.60267639160156,0.010081581241094595,0.00023440361735627135,0.005455733798622453,1.0,1.0,1.0,-0.011219017426810307,0.010081581241094595,2.070174206818219,6.2371365047201595
2021-04-14,245.8135986328125,-0.011219017426810307,0.010081581241094595,0.008443697813951666,-1.0,1.0,1.0,0.015298107220273138,-0.011219017426810307,2.101843953798768,6.167161961580309
2021-04-15,249.57408142089844,0.015298107220273138,-0.011219017426810307,0.004553824656307626,1.0,1.0,1.0,0.004778343377606076,0.015298107220273138,2.111887285936164,6.261507866513354
2021-04-16,250.76663208007812,0.004778343377606076,0.015298107220273138,0.004932334300688268,1.0,1.0,1.0,-0.007670448080294823,0.004778343377606076,2.0956881641579557,6.291427501161137
2021-04-19,248.8431396484375,-0.007670448080294823,0.004778343377606076,0.003834683605903955,-1.0,1.0,1.0,-0.0018551421789206879,-0.007670448080294823,2.0918003646507612,6.243169433162541
2021-04-20,248.38150024414062,-0.0018551421789206879,-0.007670448080294823,0.0022537132663737356,-1.0,1.0,1.0,0.00898308322987007,-0.0018551421789206879,2.1105911814266918,6.231587466216933
2021-04-21,250.61273193359375,0.00898308322987007,-0.0018551421789206879,-0.00013363141762932074,1.0,-1.0,0.0,-0.0,0.00898308322987007,2.1105911814266918,6.287566335080174
2021-04-22,247.33322143554688,-0.013085969227277228,0.00898308322987007,0.003906788713706755,-1.0,1.0,1.0,0.015475935624332582,-0.013085969227277228,2.1432545546797352,6.205287435504851
2021-04-23,251.1609344482422,0.015475935624332582,-0.013085969227277228,-0.0017700265758033185,1.0,-1.0,0.0,0.0,0.015475935624332582,2.1432545546797352,6.301320064387204
2021-04-26,251.545654296875,0.0015317662735965243,0.015475935624332582,0.0003694918735419828,1.0,1.0,1.0,0.0016058553028104328,0.0015317662735965243,2.1466963113716404,6.310972213940969
2021-04-27,251.94960021972656,0.0016058553028104328,0.0015317662735965243,0.0022099347443202523,1.0,1.0,1.0,-0.028285763929958074,0.0016058553028104328,2.0859753662788703,6.321106722136616
2021-04-28,244.82301330566406,-0.028285763929958074,0.0016058553028104328,0.002902134240666476,-1.0,1.0,1.0,-0.008053053711560287,-0.028285763929958074,2.0691768946132347,6.142309389618188
2021-04-29,242.8514404296875,-0.008053053711560287,-0.028285763929958074,-0.004551635191299153,-1.0,-1.0,0.0,-0.0,-0.008053053711560287,2.0691768946132347,6.092845042190572
2021-04-30,242.5340576171875,-0.0013069010912121204,-0.008053053711560287,-0.0035450520881557647,-1.0,-1.0,0.0,-0.0,-0.0013069010912121204,2.0691768946132347,6.084882296356347
2021-05-03,242.22628784179688,-0.0012689754932332376,-0.0013069010912121204,-0.006901619431264705,-1.0,-1.0,0.0,-0.0,-0.0012689754932332376,2.0691768946132347,6.077160729843062
2021-05-04,238.3119354248047,-0.0161598992903228,-0.0012689754932332376,-0.0074617677846306575,-1.0,-1.0,0.0,-0.0,-0.0161598992903228,2.0691768946132347,5.978954424477693
2021-05-05,237.04248046875,-0.005326862684371214,-0.0161598992903228,-0.011014918703257303,-1.0,-1.0,0.0,0.0,-0.005326862684371214,2.0691768946132347,5.947105355262386
2021-05-06,240.1777801513672,0.013226741790826502,-0.005326862684371214,-0.0064231384541399315,1.0,-1.0,0.0,0.0,0.013226741790826502,2.0691768946132347,6.025766182199283
2021-05-07,242.80335998535156,0.010931818223691048,0.013226741790826502,-0.002167179353662574,1.0,-1.0,0.0,-0.0,0.010931818223691048,2.0691768946132347,6.0916387627615505
2021-05-10,237.72531127929688,-0.020914243964173518,0.010931818223691048,0.00028056450931805975,-1.0,1.0,1.0,-0.003843367652218266,-0.020914243964173518,2.0612242870697606,5.9642367435355395
2021-05-11,236.8116455078125,-0.003843367652218266,-0.020914243964173518,-0.0036484891848699965,-1.0,-1.0,0.0,-0.0,-0.003843367652218266,2.0612242870697606,5.9413139889652635
2021-05-12,229.85821533203125,-0.02936270368321836,-0.003843367652218266,-0.0011851828572490898,-1.0,-1.0,0.0,0.0,-0.02936270368321836,2.0612242870697606,5.7668609468183165
2021-05-13,233.73402404785156,0.016861736745940048,-0.02936270368321836,-0.005992351057018519,1.0,-1.0,0.0,0.0,0.016861736745940048,2.0612242870697606,5.86410023795401
2021-05-14,238.65817260742188,0.02106731606418677,0.016861736745940048,-0.0052653520659958096,1.0,-1.0,0.0,-0.0,0.02106731606418677,2.0612242870697606,5.98764109109906
2021-05-17,235.80178833007812,-0.011968516502648074,0.02106731606418677,-0.0032382524978966654,-1.0,-1.0,0.0,-0.0,-0.011968516502648074,2.0612242870697606,5.915977909888307
2021-05-18,233.7821502685547,-0.008564981952962625,-0.011968516502648074,-0.0014491070055915767,-1.0,-1.0,0.0,0.0,-0.008564981952962625,2.0612242870697606,5.865307665855988
2021-05-19,234.36050415039062,0.002473900942272733,-0.008564981952962625,-0.0023934298657404484,1.0,-1.0,0.0,0.0,0.002473900942272733,2.0612242870697606,5.879817856017269
2021-05-20,237.5994110107422,0.013820190701898882,0.002473900942272733,0.003973891059357771,1.0,1.0,1.0,-0.005314644267359614,0.013820190701898882,2.050269613228743,5.961078060079857
2021-05-21,236.33665466308594,-0.005314644267359614,0.013820190701898882,0.0033655818505495374,-1.0,1.0,1.0,0.022882115760413768,-0.005314644267359614,2.097184119858702,5.929397050740571
2021-05-24,241.74453735351562,0.022882115760413768,-0.005314644267359614,-0.0019108102157597395,1.0,-1.0,0.0,0.0,0.022882115760413768,2.097184119858702,6.065074200445072
2021-05-25,242.65066528320312,0.003748287095159508,0.022882115760413768,0.005059316236852629,1.0,1.0,1.0,-0.000913764088008584,0.003748287095159508,2.0952677883240334,6.087807839801785
2021-05-26,242.42893981933594,-0.000913764088008584,0.003748287095159508,0.007521970046477056,-1.0,1.0,1.0,-0.008668399692015716,-0.000913764088008584,2.0771051696730347,6.082245019623077
2021-05-27,240.3274688720703,-0.008668399692015716,-0.000913764088008584,0.006844437040420792,-1.0,1.0,1.0,0.0014841809585854904,-0.008668399692015716,2.080187969614843,6.029521688768212
2021-05-28,240.6841583251953,0.0014841809585854904,-0.008668399692015716,0.0023467189616378724,1.0,1.0,1.0,-0.009131594765060314,0.0014841809585854904,2.0611925360411667,6.03847059004806
2021-06-01,238.486328125,-0.009131594765060314,0.0014841809585854904,0.0037064840068268936,-1.0,1.0,1.0,-0.00040417315015761623,-0.009131594765060314,2.0603594573607937,5.983329723619007
2021-06-02,238.3899383544922,-0.00040417315015761623,-0.009131594765060314,-0.002696258098267923,-1.0,-1.0,0.0,-0.0,-0.00040417315015761623,2.0603594573607937,5.98091142239618
2021-06-03,236.85720825195312,-0.006429508363980707,-0.00040417315015761623,-0.003526750147331348,-1.0,-1.0,0.0,0.0,-0.006429508363980707,2.0603594573607937,5.942457102381656
2021-06-04,241.754150390625,0.020674659533531425,-0.006429508363980707,-0.004629899002525773,1.0,-1.0,0.0,0.0,0.020674659533531425,2.0603594573607937,6.065315379766012
2021-06-07,244.6653594970703,0.012042023277538005,0.020674659533531425,0.0012387128425836557,1.0,1.0,1.0,-0.0048854371688250575,0.012042023277538005,2.0502937006866633,6.138354048754764
2021-06-08,243.47006225585938,-0.0048854371688250575,0.012042023277538005,0.0033502813063741588,-1.0,1.0,1.0,0.004038216466301758,-0.0048854371688250575,2.058573230469531,6.10836550572957
2021-06-09,244.4532470703125,0.004038216466301758,-0.0048854371688250575,0.00419951282562121,1.0,1.0,1.0,0.014393319354566447,0.004038216466301758,2.0882029323904403,6.133032407896997
2021-06-10,247.97174072265625,0.014393319354566447,0.004038216466301758,0.005087990748913085,1.0,1.0,1.0,0.002527094205946767,0.014393319354566447,2.0934800179217254,6.221307101955764
2021-06-11,248.598388671875,0.002527094205946767,0.014393319354566447,0.009252556292622515,1.0,1.0,1.0,0.00775514873917138,0.002527094205946767,2.1097152668431916,6.237028931086532
2021-06-14,250.52630615234375,0.00775514873917138,0.002527094205946767,0.005623043227105584,1.0,1.0,1.0,-0.005887142375804011,0.00775514873917138,2.0972950726948785,6.285398018137623
2021-06-15,249.05142211914062,-0.005887142375804011,0.00775514873917138,0.004765668319432259,-1.0,1.0,1.0,-0.003793139913075949,-0.005887142375804011,2.089339739045142,6.24839498511625
2021-06-16,248.1067352294922,-0.003793139913075949,-0.005887142375804011,0.004565327278036468,-1.0,1.0,1.0,0.01367632552749476,-0.003793139913075949,2.117914229453854,6.224693948705542
2021-06-17,251.4999237060547,0.01367632552749476,-0.003793139913075949,0.0029990560021609268,1.0,1.0,1.0,-0.00563434748999514,0.01367632552749476,2.1059811647311055,6.309824889457066
2021-06-18,250.0828857421875,-0.00563434748999514,0.01367632552749476,0.0028556572367465895,-1.0,1.0,1.0,0.012334716663762402,-0.00563434748999514,2.131957845697284,6.274273143428845
2021-06-21,253.16758728027344,0.012334716663762402,-0.00563434748999514,0.001223368897558208,1.0,1.0,1.0,0.010965976680596734,0.012334716663762402,2.155336845717216,6.351664524924093
2021-06-22,255.94381713867188,0.010965976680596734,0.012334716663762402,0.0021392824824764123,1.0,1.0,1.0,-0.0009039836208636354,0.010965976680596734,2.1533884565112436,6.421316729987384
2021-06-23,255.7124481201172,-0.0009039836208636354,0.010965976680596734,0.005509906293756561,-1.0,1.0,1.0,0.00535308592941397,-0.0009039836208636354,2.1649157299583566,6.415511964839098
2021-06-24,257.081298828125,0.00535308592941397,-0.0009039836208636354,0.006087737552199024,1.0,1.0,1.0,-0.0062620785276422675,0.00535308592941397,2.1513588576516294,6.449854751668065
2021-06-25,255.471435546875,-0.0062620785276422675,0.00535308592941397,0.004423089632582866,-1.0,1.0,1.0,0.013961053543970703,-0.0062620785276422675,2.1813940938555993,6.4094652547212325
2021-06-28,259.0380859375,0.013961053543970703,-0.0062620785276422675,0.00429754342505344,1.0,1.0,1.0,0.009973421801662496,0.013961053543970703,2.2031500572692764,6.498948142330615
2021-06-29,261.62158203125,0.009973421801662496,0.013961053543970703,0.004622810801095101,1.0,1.0,1.0,-0.0018421018251179033,0.009973421801662496,2.199091630527772,6.563764893421209
2021-06-30,261.1396484375,-0.0018421018251179033,0.009973421801662496,0.004424299825308254,-1.0,1.0,1.0,0.002583842233000677,-0.0018421018251179033,2.2047737363569677,6.5516737701313925
2021-07-01,261.81439208984375,0.002583842233000677,-0.0018421018251179033,0.0042366761844574,1.0,1.0,1.0,0.022275558348896274,0.002583842233000677,2.2538863023673015,6.568602261515501
2021-07-02,267.6464538574219,0.022275558348896274,0.002583842233000677,0.0036828274451747413,1.0,1.0,1.0,3.5688879174156085e-05,0.022275558348896274,2.253966741043219,6.714921544462582
2021-07-06,267.656005859375,3.5688879174156085e-05,0.022275558348896274,0.00939035482048245,1.0,1.0,1.0,0.00817554014844224,3.5688879174156085e-05,2.2723941366278715,6.715161192486247
2021-07-07,269.84423828125,0.00817554014844224,3.5688879174156085e-05,0.00660528188752314,1.0,1.0,1.0,-0.008966263813216857,0.00817554014844224,2.2520192513112587,6.770061262418679
2021-07-08,267.42474365234375,-0.008966263813216857,0.00817554014844224,0.006245705556879089,-1.0,1.0,1.0,0.0018740213082910628,-0.008966263813216857,2.2562395833748976,6.7093591071081935
2021-07-09,267.9259033203125,0.0018740213082910628,-0.008966263813216857,0.004820873159259298,1.0,1.0,1.0,-0.002230449566234416,0.0018740213082910628,2.2512071547748382,6.721932589039891
2021-07-12,267.32830810546875,-0.002230449566234416,0.0018740213082910628,0.004678908974317375,-1.0,1.0,1.0,0.01319788296874802,-0.002230449566234416,2.280918323341965,6.70693965741241
2021-07-13,270.8564758300781,0.01319788296874802,-0.002230449566234416,-0.00022229260870876288,1.0,-1.0,0.0,0.0,0.01319788296874802,2.280918323341965,6.795457062089394
2021-07-14,272.3314208984375,0.005445485709135056,0.01319788296874802,0.00241014620920601,1.0,1.0,1.0,-0.005239161626561684,0.005445485709135056,2.2689682235889905,6.832461626408042
2021-07-15,270.9046325683594,-0.005239161626561684,0.005445485709135056,0.0018641353213445732,-1.0,1.0,1.0,-0.0009962821911854158,-0.005239161626561684,2.2667076909554633,6.79666525564001
2021-07-16,270.6347351074219,-0.0009962821911854158,-0.005239161626561684,0.002609555758675608,-1.0,1.0,1.0,-0.01332159245227782,-0.0009962821911854158,2.236511534888111,6.789893859086367
2021-07-19,267.0294494628906,-0.01332159245227782,-0.0009962821911854158,0.0020354950587803122,-1.0,1.0,1.0,0.008339179985968004,-0.01332159245227782,2.2551622071182362,6.699441660301394
2021-07-20,269.2562561035156,0.008339179985968004,-0.01332159245227782,-0.00018273351842836849,1.0,-1.0,0.0,0.0,0.008339179985968004,2.2551622071182362,6.75530951011214
2021-07-21,271.2613830566406,0.007446909431712889,0.008339179985968004,-0.0011544741149843718,1.0,-1.0,0.0,0.0,0.007446909431712889,2.2551622071182362,6.8056156882171335
2021-07-22,275.83050537109375,0.016843983699290854,0.007446909431712889,-0.0007541893704688052,1.0,-1.0,0.0,0.0,0.016843983699290854,2.2551622071182362,6.920249367933101
2021-07-23,279.23333740234375,0.012336677651632266,0.016843983699290854,0.0036624396947017024,1.0,1.0,1.0,-0.0021405656312986077,0.012336677651632266,2.2503348844046753,7.005622253654203
2021-07-26,278.6356201171875,-0.0021405656312986077,0.012336677651632266,0.0063290316632652385,-1.0,1.0,1.0,-0.008683473941582864,-0.0021405656312986077,2.2307941600761123,6.990626259432171
2021-07-27,276.2160949707031,-0.008683473941582864,-0.0021405656312986077,0.008565237027461082,-1.0,1.0,1.0,-0.001116666145548395,-0.008683473941582864,2.228303107759868,6.9299233384730465
2021-07-28,275.90765380859375,-0.001116666145548395,-0.008683473941582864,0.005160706241950907,-1.0,1.0,1.0,0.0009782166504330725,-0.001116666145548395,2.2304828709620907,6.922184927689728
2021-07-29,276.17755126953125,0.0009782166504330725,-0.001116666145548395,0.0034479911264986506,1.0,1.0,1.0,-0.005549744491195718,0.0009782166504330725,2.2181042609362627,6.928956324243371
2021-07-30,274.64483642578125,-0.005549744491195718,0.0009782166504330725,0.00027483771672709434,-1.0,1.0,1.0,-0.0003156820298587659,-0.005549744491195718,2.2174040452807318,6.890502387053166
2021-08-02,274.5581359863281,-0.0003156820298587659,-0.005549744491195718,-0.0033024467118385028,-1.0,-1.0,0.0,0.0,-0.0003156820298587659,2.2174040452807318,6.888327179272874
2021-08-03,276.7752685546875,0.008075275425346584,-0.0003156820298587659,-0.0029374699915505342,1.0,-1.0,0.0,-0.0,0.008075275425346584,2.2174040452807318,6.943952318465404
2021-08-04,276.18719482421875,-0.002124733664028766,0.008075275425346584,0.0004142798818353555,-1.0,1.0,1.0,0.010505848442371235,-0.002124733664028766,2.240699756115952,6.92919826921295
2021-08-05,279.0887756347656,0.010505848442371235,-0.002124733664028766,0.00021266637813928125,1.0,1.0,1.0,-0.0002073223045011563,0.010505848442371235,2.240235209078819,7.001995376056443
2021-08-06,279.0309143066406,-0.0002073223045011563,0.010505848442371235,0.0021181927365269138,-1.0,1.0,1.0,-0.003903848562086809,-0.0002073223045011563,2.2314896700791205,7.000543706238973
2021-08-09,277.9416198730469,-0.003903848562086809,-0.0002073223045011563,0.003186677173865826,-1.0,1.0,1.0,-0.006554861763116038,-0.003903848562086809,2.2168625637659303,6.9732146437575455
2021-08-10,276.1197509765625,-0.006554861763116038,-0.003903848562086809,0.0024690438674202174,-1.0,1.0,1.0,0.0017804147087521205,-0.006554861763116038,2.2208094984817413,6.927506185723178
2021-08-11,276.6113586425781,0.0017804147087521205,-0.006554861763116038,-0.00045698357027230686,1.0,-1.0,0.0,0.0,0.0017804147087521205,2.2208094984817413,6.9398400196312116
2021-08-12,279.36834716796875,0.009967011256949432,0.0017804147087521205,0.0003240461042838705,1.0,1.0,1.0,0.010489448613564933,0.009967011256949432,2.2441045655965826,7.009009483228304
2021-08-13,282.29876708984375,0.010489448613564933,0.009967011256949432,0.00021627866719950984,1.0,1.0,1.0,0.005975871657402543,0.010489448613564933,2.257515046466379,7.082530128034617
2021-08-16,283.9857482910156,0.005975871657402543,0.010489448613564933,0.002355632850812728,1.0,1.0,1.0,-0.005159771300108695,0.005975871657402543,2.245866785120058,7.124854419089439
2021-08-17,282.52044677734375,-0.005159771300108695,0.005975871657402543,0.004331576894710598,-1.0,1.0,1.0,-0.006118952690915447,-0.005159771300108695,2.23212443251181,7.0880917997403685
2021-08-18,280.7917175292969,-0.006118952690915447,-0.005159771300108695,0.004610594987312066,-1.0,1.0,1.0,0.020775062838394476,-0.006118952690915447,2.2784969578603587,7.044720101348892
2021-08-19,286.62518310546875,0.020775062838394476,-0.006118952690915447,0.0030307215073785533,1.0,1.0,1.0,0.025575444302647243,0.020775062838394476,2.3367705298998676,7.191074604133315
2021-08-20,293.95574951171875,0.025575444302647243,0.020775062838394476,0.005192331823667562,1.0,1.0,1.0,0.0009526239828279159,0.025575444302647243,2.3389965935490156,7.374989532147508
2021-08-23,294.23577880859375,0.0009526239828279159,0.025575444302647243,0.008209530961484024,1.0,1.0,1.0,-0.0066631623775426085,0.0009526239828279159,2.3234114794456793,7.3820151240489364
2021-08-24,292.2752380371094,-0.0066631623775426085,0.0009526239828279159,0.007204881426569098,-1.0,1.0,1.0,-0.002015395819792154,-0.0066631623775426085,2.318728885662347,7.332827558603923
2021-08-25,291.6861877441406,-0.002015395819792154,-0.0066631623775426085,0.006904203211082316,-1.0,1.0,1.0,-0.00966878646759095,-0.002015395819792154,2.2963095911906426,7.3180490085950565
2021-08-26,288.8659362792969,-0.00966878646759095,-0.002015395819792154,0.007724914585306974,-1.0,1.0,1.0,0.0021060562825714335,-0.00966878646759095,2.3011457484318987,7.247292355371585
2021-08-27,289.47430419921875,0.0021060562825714335,-0.00966878646759095,0.0016361447241098892,1.0,1.0,1.0,0.012912242630694903,0.0021060562825714335,2.330858700664243,7.262555560968248
2021-08-30,293.2120666503906,0.012912242630694903,0.0021060562825714335,-0.003057732879905273,1.0,-1.0,0.0,-0.0,0.012912242630694903,2.330858700664243,7.356331440490372
2021-08-31,291.5605163574219,-0.0056326136636728474,0.012912242630694903,-0.0006658091503318753,-1.0,-1.0,0.0,-0.0,-0.0056326136636728474,2.330858700664243,7.31489606750416
2021-09-01,291.5121765136719,-0.00016579694793361632,-0.0056326136636728474,-0.00045969940755792306,-1.0,-1.0,0.0,-0.0,-0.00016579694793361632,2.330858700664243,7.313683280061716
2021-09-02,290.85540771484375,-0.0022529720942799925,-0.00016579694793361632,-8.977963318621552e-05,-1.0,-1.0,0.0,-0.0,-0.0022529720942799925,2.330858700664243,7.297205755725335
2021-09-03,290.8458557128906,-3.284106707235335e-05,-0.0022529720942799925,0.0013933832414759761,-1.0,1.0,1.0,-0.0031883113019895992,-3.284106707235335e-05,2.3234271975255747,7.29696610770167
2021-09-07,289.9185485839844,-0.0031883113019895992,-3.284106707235335e-05,0.0009656037715472188,-1.0,1.0,1.0,0.00010020998834647799,-0.0031883113019895992,2.3236600281379625,7.27370110819025
2021-09-08,289.9476013183594,0.00010020998834647799,-0.0031883113019895992,-0.0022545070149896816,1.0,-1.0,0.0,-0.0,0.00010020998834647799,2.3236600281379625,7.274430005693537
2021-09-09,287.0887451171875,-0.009859906369885318,0.00010020998834647799,-0.0011079422845858167,-1.0,-1.0,0.0,-0.0,-0.009859906369885318,2.3236600281379625,7.202704806943115
2021-09-10,285.6014404296875,-0.005180644357523967,-0.009859906369885318,-0.0030467641689761573,-1.0,-1.0,0.0,0.0,-0.005180644357523967,2.3236600281379625,7.165390154926114
2021-09-13,286.837646484375,0.004328430741902478,-0.005180644357523967,-0.003632298621624952,1.0,-1.0,0.0,0.0,0.004328430741902478,2.3236600281379625,7.196405049950422
2021-09-14,289.5419616699219,0.009428034355644321,0.004328430741902478,-0.0027600442598299858,1.0,-1.0,0.0,0.0,0.009428034355644321,2.3236600281379625,7.264253003998487
2021-09-15,294.39996337890625,0.016778230281255357,0.009428034355644321,-0.00023677512830320158,1.0,-1.0,0.0,0.0,0.016778230281255357,2.3236600281379625,7.386134313720874
2021-09-16,294.7863464355469,0.0013124426110859844,0.016778230281255357,0.0030988289302785743,1.0,1.0,1.0,-0.0175284399629424,0.0013124426110859844,2.2829298928404573,7.395828191125406
2021-09-17,289.61920166015625,-0.0175284399629424,0.0013124426110859844,0.005333298726472835,-1.0,1.0,1.0,-0.01857465805403069,-0.0175284399629424,2.240525250719621,7.266190860701028
2021-09-20,284.2396240234375,-0.01857465805403069,-0.0175284399629424,0.0028637396053891482,-1.0,1.0,1.0,0.0016990617528691576,-0.01857465805403069,2.2443320414794563,7.131223850108183
2021-09-21,284.7225646972656,0.0016990617528691576,-0.01857465805403069,-0.0017168781537974854,1.0,-1.0,0.0,0.0,0.0016990617528691576,2.2443320414794563,7.1433402398030506
2021-09-22,288.37335205078125,0.012822262111179539,0.0016990617528691576,-0.003262672674352518,1.0,-1.0,0.0,0.0,0.012822262111179539,2.2443320414794563,7.234934020707142
2021-09-23,289.31982421875,0.003282106898012227,0.012822262111179539,-0.004053866308367682,1.0,-1.0,0.0,-0.0,0.003282106898012227,2.2443320414794563,7.258679847563168
2021-09-24,289.1170349121094,-0.0007009174265476537,0.003282106898012227,-0.0036599334509824335,-1.0,-1.0,0.0,-0.0,-0.0007009174265476537,2.2443320414794563,7.253592112364281
2021-09-27,284.11407470703125,-0.01730427335974516,-0.0007009174265476537,-0.0002944289437034842,-1.0,-1.0,0.0,-0.0,-0.01730427335974516,2.2443320414794563,7.128073971611838
2021-09-28,273.8280944824219,-0.036203698233591264,-0.01730427335974516,-4.0352004846377906e-05,-1.0,-1.0,0.0,0.0,-0.036203698233591264,2.2443320414794563,6.870011332556887
2021-09-29,274.291748046875,0.0016932286123871876,-0.036203698233591264,-0.0076209040021384625,1.0,-1.0,0.0,-0.0,0.0016932286123871876,2.2443320414794563,6.881643832312596
2021-09-30,272.2828369140625,-0.00732399405784967,0.0016932286123871876,-0.009846710701896933,-1.0,-1.0,0.0,0.0,-0.00732399405784967,2.2443320414794563,6.831242713776501
2021-10-01,279.2173767089844,0.025468148758529985,-0.00732399405784967,-0.011967930893069311,1.0,-1.0,0.0,-0.0,0.025468148758529985,2.2443320414794563,7.005221819416585
2021-10-04,273.43212890625,-0.020719512055168643,0.025468148758529985,-0.006734117656053784,-1.0,-1.0,0.0,0.0,-0.020719512055168643,2.2443320414794563,6.860077041480053
2021-10-05,278.8890075683594,0.019956976833473528,-0.020719512055168643,-0.007417165395138481,1.0,-1.0,0.0,0.0,0.019956976833473528,2.2443320414794563,6.996983440072714
2021-10-06,283.0903015136719,0.015064394190160701,0.019956976833473528,0.0038149696182744773,1.0,1.0,1.0,0.005936308893747855,0.015064394190160701,2.2576550897378143,7.102388756755996
2021-10-07,284.77081298828125,0.005936308893747855,0.015064394190160701,0.00648920273382918,1.0,1.0,1.0,0.0,0.005936308893747855,2.2576550897378143,7.144550730299581
2021-10-08,284.77081298828125,0.0,0.005936308893747855,0.009141263324148685,0.0,1.0,1.0,-0.0021025851509478555,0.0,2.25290817767017,7.144550730299581
2021-10-11,284.17205810546875,-0.0021025851509478555,0.0,0.004047633572442688,-1.0,1.0,1.0,-0.004588503772115837,-0.0021025851509478555,2.2425706999986996,7.12952870402386
2021-10-12,282.8681335449219,-0.004588503772115837,-0.0021025851509478555,0.0077710189532868455,-1.0,1.0,1.0,0.011711266656690755,-0.004588503772115837,2.268834043462866,7.096814834672038
2021-10-13,286.1808776855469,0.011711266656690755,-0.004588503772115837,0.002861922832168973,1.0,1.0,1.0,0.021733977067632138,0.011711266656690755,2.3181448305337513,7.179927525614041
2021-10-14,292.4007263183594,0.021733977067632138,0.011711266656690755,0.0021912973254749834,1.0,1.0,1.0,0.004822579444917485,0.021733977067632138,2.329324268143825,7.335975905802997
2021-10-15,293.81085205078125,0.004822579444917485,0.021733977067632138,0.00535083096025184,1.0,1.0,1.0,0.010124544096894894,0.004822579444917485,2.3529076144126146,7.371354232414733
2021-10-18,296.7855529785156,0.010124544096894894,0.004822579444917485,0.006315346849235337,1.0,1.0,1.0,0.0030590014322777748,0.010124544096894894,2.36010516217512,7.445985833394649
2021-10-19,297.69342041015625,0.0030590014322777748,0.010124544096894894,0.008760772698803886,1.0,1.0,1.0,-0.00266022390166587,0.0030590014322777748,2.353826754012257,7.468763114723723
2021-10-20,296.9014892578125,-0.00266022390166587,0.0030590014322777748,0.01029027373968261,-1.0,1.0,1.0,0.01089746515216361,-0.00266022390166587,2.3794774990383356,7.448894532570055
2021-10-21,300.136962890625,0.01089746515216361,-0.00266022390166587,0.0074159756280112845,1.0,1.0,1.0,-0.005148508046049938,0.01089746515216361,2.367226739989142,7.530068601160879
2021-10-22,298.5917053222656,-0.005148508046049938,0.01089746515216361,0.005248673244917579,-1.0,1.0,1.0,-0.0033316799964187016,-0.005148508046049938,2.3593398980125326,7.491299982380495
2021-10-25,297.5968933105469,-0.0033316799964187016,-0.005148508046049938,0.0032544557467240943,-1.0,1.0,1.0,0.006425678513031885,-0.0033316799964187016,2.3745002577001304,7.466341368082026
2021-10-26,299.5091552734375,0.006425678513031885,-0.0033316799964187016,0.0005632109280613751,1.0,1.0,1.0,0.04211429507670217,0.006425678513031885,2.474500662212619,7.514317677381872
2021-10-27,312.1227722167969,0.04211429507670217,0.006425678513031885,0.0012365463442121972,1.0,1.0,1.0,0.003651087020181354,0.04211429507670217,2.4835352794618535,7.830777869347211
2021-10-28,313.2623596191406,0.003651087020181354,0.04211429507670217,0.010191450139885806,1.0,1.0,1.0,0.022414264575842946,0.003651087020181354,2.5392018962991516,7.859368720783908
2021-10-29,320.2839050292969,0.022414264575842946,0.003651087020181354,0.008742174513489354,1.0,1.0,1.0,-0.006784809200287789,0.022414264575842946,2.521973895911753,8.035530690690663
2021-11-01,318.11083984375,-0.006784809200287789,0.022414264575842946,0.01425472903786793,-1.0,1.0,1.0,0.0114155452646314,-0.006784809200287789,2.5507636030767524,7.98101114813127
2021-11-02,321.74224853515625,0.0114155452646314,-0.006784809200287789,0.013564103197094113,1.0,1.0,1.0,0.0026116277856556014,0.0114155452646314,2.5574252481771866,8.072118742150291
2021-11-03,322.58251953125,0.0026116277856556014,0.0114155452646314,0.014562076547414015,1.0,1.0,1.0,0.00730541104277771,0.0026116277856556014,2.5761082908262987,8.093200111746402
2021-11-04,324.9391174316406,0.00730541104277771,0.0026116277856556014,0.0066615430892047025,1.0,1.0,1.0,-0.0011294558729404436,0.00730541104277771,2.5731986901878945,8.152324265214164
2021-11-05,324.5721130371094,-0.0011294558729404436,0.00730541104277771,0.0073924078937239734,-1.0,1.0,1.0,0.0027673152538287837,-0.0011294558729404436,2.580319542174384,8.143116574694703
2021-11-08,325.4703063964844,0.0027673152538287837,-0.0011294558729404436,0.0026836638039672957,1.0,1.0,1.0,-0.003085979001803185,0.0027673152538287837,2.5723567302492913,8.165651145405562
2021-11-09,324.4659118652344,-0.003085979001803185,0.0027673152538287837,0.00459408869479061,-1.0,1.0,1.0,-0.015329710530347818,-0.003085979001803185,2.5329232461937776,8.14045211743479
2021-11-10,319.491943359375,-0.015329710530347818,-0.003085979001803185,0.0016937838415036933,-1.0,1.0,1.0,0.0049273520046400066,-0.015329710530347818,2.5454038506285097,8.015661342888357
2021-11-11,321.0661926269531,0.0049273520046400066,-0.015329710530347818,-0.0018944838216969906,1.0,-1.0,0.0,0.0,0.0049273520046400066,2.5454038506285097,8.055157327874754
2021-11-12,325.2095031738281,0.012904848414510894,0.0049273520046400066,-0.0023700956293245313,1.0,-1.0,0.0,-0.0,0.012904848414510894,2.5454038506285097,8.159107912146014
2021-11-15,324.58172607421875,-0.001930377475082068,0.012904848414510894,0.0004367652281657364,-1.0,1.0,1.0,0.010235998967270676,-0.001930377475082068,2.5714586018148298,8.143357754015645
2021-11-16,327.9041442871094,0.010235998967270676,-0.001930377475082068,-0.000502773317616434,1.0,-1.0,0.0,0.0,0.010235998967270676,2.5714586018148298,8.226713155575863
2021-11-17,328.1267395019531,0.0006788423346331118,0.010235998967270676,0.0021616222761983383,1.0,1.0,1.0,0.0063397171350561,0.0006788423346331118,2.5877609219748425,8.23229779674075
2021-11-18,330.20697021484375,0.0063397171350561,0.0006788423346331118,0.005363332849194524,1.0,1.0,1.0,0.005391756287440375,0.0063397171350561,2.601713498196293,8.284488236143632
2021-11-19,331.98736572265625,0.005391756287440375,0.0063397171350561,0.005645805875277743,1.0,1.0,1.0,-0.009559811305942856,0.005391756287440375,2.576841608081412,8.329156177679085
2021-11-22,328.8136291503906,-0.009559811305942856,0.005391756287440375,0.004143187449863639,-1.0,1.0,1.0,-0.0063263806937913225,-0.009559811305942856,2.5605395270810876,8.249531016282745
2021-11-23,326.7334289550781,-0.0063263806937913225,-0.009559811305942856,0.0026173006836914814,-1.0,1.0,1.0,0.0006810878837808509,-0.0063263806937913225,2.5622834795289244,8.197341342528501
2021-11-24,326.9559631347656,0.0006810878837808509,-0.0063263806937913225,-0.0006951752485209184,1.0,-1.0,0.0,-0.0,0.0006810878837808509,2.5622834795289244,8.202924452396113
2021-11-26,318.99273681640625,-0.024355654021447126,0.0006810878837808509,-0.0006947261386913706,-1.0,-1.0,0.0,0.0,-0.024355654021447126,2.5622834795289244,8.003136862469484
2021-11-29,325.7174377441406,0.021081047157524235,-0.024355654021447126,-0.0068338003699920154,1.0,-1.0,0.0,-0.0,0.021081047157524235,2.5622834795289244,8.171851368075323
2021-11-30,319.8732604980469,-0.01794247580531594,0.021081047157524235,-0.0036959421959752436,-1.0,-1.0,0.0,-0.0,-0.01794247580531594,2.5622834795289244,8.025228122618994
2021-12-01,319.3797607421875,-0.0015427977790046787,-0.01794247580531594,-0.00537247509584986,-1.0,-1.0,0.0,-0.0,-0.0015427977790046787,2.5622834795289244,8.012846818495412
2021-12-02,318.8089294433594,-0.0017873120622972083,-0.0015427977790046787,-0.004415758512892531,-1.0,-1.0,0.0,-0.0,-0.0017873120622972083,2.5622834795289244,7.998525360723375
2021-12-03,312.5389709472656,-0.0196668220900873,-0.0017873120622972083,-0.004909438502108144,-1.0,-1.0,0.0,0.0,-0.0196668220900873,2.5622834795289244,7.841219785470977
2021-12-06,315.6159362792969,0.009845061314130987,-0.0196668220900873,-0.003971672115836178,1.0,-1.0,0.0,0.0,0.009845061314130987,2.5622834795289244,7.9184170750365155
2021-12-07,324.0628967285156,0.026763415525836498,0.009845061314130987,-0.006218869284514828,1.0,-1.0,0.0,0.0,0.026763415525836498,2.5622834795289244,8.130340961522597
2021-12-08,324.11126708984375,0.00014926226302502954,0.026763415525836498,0.00272230898171566,1.0,1.0,1.0,-0.005582705411187661,0.00014926226302502954,2.5479790056827616,8.13155451461368
2021-12-09,322.3018493652344,-0.005582705411187661,0.00014926226302502954,0.0030607209901216013,-1.0,1.0,1.0,0.028339996252315203,-0.005582705411187661,2.620188721154789,8.086158441223578
2021-12-10,331.4358825683594,0.028339996252315203,-0.005582705411187661,0.002301642320343511,1.0,1.0,1.0,-0.009166804705238452,0.028339996252315203,2.5961699628570947,8.31532014114348
2021-12-13,328.3976745605469,-0.009166804705238452,0.028339996252315203,0.011903005988824012,-1.0,1.0,1.0,-0.03258685235065539,-0.009166804705238452,2.511568955600264,8.239095225348082
2021-12-14,317.69622802734375,-0.03258685235065539,-0.009166804705238452,0.008100632784950124,-1.0,1.0,1.0,0.019217657178920433,-0.03258685235065539,2.559835426770209,7.9706090457366745
2021-12-15,323.8016052246094,0.019217657178920433,-0.03258685235065539,-0.0037694207903482546,1.0,-1.0,0.0,-0.0,0.019217657178920433,2.559835426770209,8.123785477884844
2021-12-16,314.36767578125,-0.029134906347408007,0.019217657178920433,4.4258192830826104e-05,-1.0,1.0,1.0,-0.0033857220517997666,-0.029134906347408007,2.551168535516815,7.887099748800236
2021-12-17,313.3033142089844,-0.0033857220517997666,-0.029134906347408007,-0.004666181994413243,-1.0,-1.0,0.0,-0.0,-0.0033857220517997666,2.551168535516815,7.860396221255979
2021-12-20,309.5393981933594,-0.012013648898442031,-0.0033857220517997666,-0.011011325655236237,-1.0,-1.0,0.0,0.0,-0.012013648898442031,2.551168535516815,7.765964180851169
2021-12-21,316.6802673339844,0.02306933845030068,-0.012013648898442031,-0.011580694493876952,1.0,-1.0,0.0,0.0,0.02306933845030068,2.551168535516815,7.945119836932137
2021-12-22,322.3986511230469,0.01805727852007788,0.02306933845030068,-0.0004494563336857382,1.0,-1.0,0.0,0.0,0.01805727852007788,2.551168535516815,8.088587078703016
2021-12-23,323.84033203125,0.004471733684930701,0.01805727852007788,-0.0006815320654542489,1.0,-1.0,0.0,0.0,0.004471733684930701,2.551168535516815,8.124757086006348
2021-12-27,331.34881591796875,0.023185758980738047,0.004471733684930701,0.0060397959410134925,1.0,1.0,1.0,-0.003504169138812685,0.023185758980738047,2.542228809466747,8.313135745579535
2021-12-28,330.1877136230469,-0.003504169138812685,0.023185758980738047,0.011354092147521056,-1.0,1.0,1.0,0.0020512790178481843,-0.003504169138812685,2.5474436300821752,8.284005111853114
2021-12-29,330.8650207519531,0.0020512790178481843,-0.003504169138812685,0.013055988099446924,1.0,1.0,1.0,-0.0076913534072110545,0.0020512790178481843,2.5278503408382647,8.300997917722805
2021-12-30,328.3202209472656,-0.0076913534072110545,0.0020512790178481843,0.008852376212956425,-1.0,1.0,1.0,-0.00884118702814185,-0.0076913534072110545,2.5055011431957612,8.237152009105076
2021-12-31,325.41748046875,-0.00884118702814185,-0.0076913534072110545,0.0037026498274986388,-1.0,1.0,1.0,-0.0046681696438619635,-0.00884118702814185,2.4938050388164332,8.164325807613343
2022-01-03,323.89837646484375,-0.0046681696438619635,-0.00884118702814185,0.0010400656848841283,-1.0,1.0,1.0,-0.017147403373551917,-0.0046681696438619635,2.4510427578808516,8.126213349715643
2022-01-04,318.3443603515625,-0.017147403373551917,-0.0046681696438619635,-0.004530720040035874,-1.0,-1.0,0.0,-0.0,-0.017147403373551917,2.4510427578808516,7.986869891508526
2022-01-05,306.12384033203125,-0.038387738378765524,-0.017147403373551917,-0.007259366886983721,-1.0,-1.0,0.0,-0.0,-0.038387738378765524,2.4510427578808516,7.680272019648058
2022-01-06,303.70489501953125,-0.00790185210624672,-0.038387738378765524,-0.015347170366306461,-1.0,-1.0,0.0,0.0,-0.00790185210624672,2.4510427578808516,7.619583646013054
2022-01-07,303.8597717285156,0.000509957895062696,-0.00790185210624672,-0.015389270106113595,1.0,-1.0,0.0,0.0,0.000509957895062696,2.4510427578808516,7.623469312850429
2022-01-10,304.0822448730469,0.0007321572818466127,0.000509957895062696,-0.013519041121472685,1.0,-1.0,0.0,0.0,0.0007321572818466127,2.4510427578808516,7.629050891420767
2022-01-11,304.7693176269531,0.002259496453642429,0.0007321572818466127,-0.01243897573633097,1.0,-1.0,0.0,0.0,0.002259496453642429,2.4510427578808516,7.64628870485459
2022-01-12,307.9526062011719,0.01044491157773031,0.002259496453642429,-0.008557595770892101,1.0,-1.0,0.0,-0.0,0.01044491157773031,2.4510427578808516,7.7261535142745945
2022-01-13,294.91925048828125,-0.04232260240842545,0.01044491157773031,0.0012089342204070653,-1.0,1.0,1.0,0.01771673464809398,-0.04232260240842545,2.494467232033359,7.399162590943492
2022-01-14,300.1442565917969,0.01771673464809398,-0.04232260240842545,-0.00567521584002868,1.0,-1.0,0.0,-0.0,0.01771673464809398,2.494467232033359,7.530251591185341
2022-01-18,292.83892822265625,-0.02433939083857284,0.01771673464809398,-0.0022338604894224234,-1.0,-1.0,0.0,0.0,-0.02433939083857284,2.494467232033359,7.346969854594696
2022-01-19,293.4969482421875,0.0022470373851080083,-0.02433939083857284,-0.007248170113506314,1.0,-1.0,0.0,-0.0,0.0022470373851080083,2.494467232033359,7.363478770525232
2022-01-20,291.8230285644531,-0.005703363144863416,0.0022470373851080083,-0.007250661927213198,-1.0,-1.0,0.0,-0.0,-0.005703363144863416,2.494467232033359,7.321482177087434
2022-01-21,286.43359375,-0.01846816147774577,-0.005703363144863416,-0.010480316871731944,-1.0,-1.0,0.0,0.0,-0.01846816147774577,2.494467232033359,7.186267861984546
2022-01-24,286.7624816894531,0.0011482170619281362,-0.01846816147774577,-0.005709428685596008,1.0,-1.0,0.0,-0.0,0.0011482170619281362,2.494467232033359,7.194519257355262
2022-01-25,279.13800048828125,-0.026588140666981452,0.0011482170619281362,-0.009023132202829177,-1.0,-1.0,0.0,0.0,-0.026588140666981452,2.494467232033359,7.003230367309394
2022-01-26,287.09149169921875,0.028493043573518673,-0.026588140666981452,-0.009472882168510898,1.0,-1.0,0.0,0.0,0.028493043573518673,2.494467232033359,7.20277371532053
2022-01-27,290.12005615234375,0.010549126465572822,0.028493043573518673,-0.004223680930828766,1.0,-1.0,0.0,0.0,0.010549126465572822,2.494467232033359,7.27875668614635
2022-01-28,298.2671203613281,0.028081699407593863,0.010549126465572822,-0.0009731830087415183,1.0,-1.0,0.0,0.0,0.028081699407593863,2.494467232033359,7.483156543467726
2022-01-31,300.8989562988281,0.008823754808480855,0.028081699407593863,0.008336789168326409,1.0,1.0,1.0,-0.007138744507146466,0.008823754808480855,2.476659867782424,7.549186082000764
2022-02-01,298.75091552734375,-0.007138744507146466,0.008823754808480855,0.009871896717636951,-1.0,1.0,1.0,0.015222172395441325,-0.007138744507146466,2.514360011254679,7.495294371324454
2022-02-02,303.2985534667969,0.015222172395441325,-0.007138744507146466,0.01376177594960395,1.0,1.0,1.0,-0.038952407947004386,0.015222172395441325,2.4164196343706523,7.609389034399336
2022-02-03,291.4843444824219,-0.038952407947004386,0.015222172395441325,0.01110760171398848,-1.0,1.0,1.0,0.01556836048147714,-0.038952407947004386,2.4540393263130538,7.312985008503952
2022-02-04,296.02227783203125,0.01556836048147714,-0.038952407947004386,0.001207294831473038,1.0,1.0,1.0,-0.01631031484554013,0.01556836048147714,2.4140131722575506,7.42683619531198
2022-02-07,291.1940612792969,-0.01631031484554013,0.01556836048147714,-0.0012953729537503067,-1.0,-1.0,0.0,0.0,-0.01631031484554013,2.4140131722575506,7.305702158660188
2022-02-08,294.6870422363281,0.011995371545991063,-0.01631031484554013,-0.006322186884554504,1.0,-1.0,0.0,0.0,0.011995371545991063,2.4140131722575506,7.393336770457666
2022-02-09,301.1214599609375,0.021834749420197586,0.011995371545991063,-0.002495363673926998,1.0,-1.0,0.0,-0.0,0.021834749420197586,2.4140131722575506,7.554768426219742
2022-02-10,292.5777282714844,-0.02837304153135234,0.021834749420197586,-0.0011728482689757457,-1.0,-1.0,0.0,-0.0,-0.02837304153135234,2.4140131722575506,7.34041666790286
2022-02-11,285.47564697265625,-0.02427416926362236,-0.02837304153135234,0.0009430250141546637,-1.0,1.0,1.0,-0.00013544332728343544,-0.02427416926362236,2.413686210281394,7.162234151240671
2022-02-14,285.4369812011719,-0.00013544332728343544,-0.02427416926362236,-0.007025480934865236,-1.0,-1.0,0.0,0.0,-0.00013544332728343544,2.413686210281394,7.161264074416445
2022-02-15,290.7296447753906,0.018542319050412592,-0.00013544332728343544,-0.003790506631213897,1.0,-1.0,0.0,-0.0,0.018542319050412592,2.413686210281394,7.294050517688532
2022-02-16,290.3902587890625,-0.0011673594090837458,0.018542319050412592,-0.002481117130329591,-1.0,-1.0,0.0,-0.0,-0.0011673594090837458,2.413686210281394,7.285535739186376
2022-02-17,281.8870849609375,-0.029281883846873913,-0.0011673594090837458,-0.007081538896185857,-1.0,-1.0,0.0,-0.0,-0.029281883846873913,2.413686210281394,7.0722015279092725
2022-02-18,279.1722106933594,-0.009631070071742909,-0.029281883846873913,-0.007263307359290172,-1.0,-1.0,0.0,-0.0,-0.009631070071742909,2.413686210281394,7.004088659432491
2022-02-22,278.9685974121094,-0.0007293465232240948,-0.009631070071742909,-0.0043346875209142825,-1.0,-1.0,0.0,-0.0,-0.0007293465232240948,2.413686210281394,6.998980251720381
2022-02-23,271.7452087402344,-0.02589319636290166,-0.0007293465232240948,-0.004453468160102414,-1.0,-1.0,0.0,0.0,-0.02589319636290166,2.413686210281394,6.8177542817225145
2022-02-24,285.629638671875,0.05109355927932091,-0.02589319636290166,-0.013340571242765265,1.0,-1.0,0.0,0.0,0.05109355927932091,2.413686210281394,7.166097614267548
2022-02-25,288.2668762207031,0.009233066852203375,0.05109355927932091,-0.0028883875050843334,1.0,-1.0,0.0,0.0,0.009233066852203375,2.413686210281394,7.232262672609495
2022-02-28,289.701904296875,0.00497812337992376,0.009233066852203375,0.004814602634731125,1.0,1.0,1.0,-0.012851745168415474,0.00497812337992376,2.382666130190339,7.268265768509762
2022-03-01,285.9787292480469,-0.012851745168415474,0.00497812337992376,0.007736441325064458,-1.0,1.0,1.0,0.01776553948473314,-0.012851745168415474,2.4249954794051716,7.174855869036557
2022-03-02,291.0592956542969,0.01776553948473314,-0.012851745168415474,0.005311961596026182,1.0,1.0,1.0,-0.014224270665758931,0.01776553948473314,2.3905016873428706,7.302321054275196
2022-03-03,286.919189453125,-0.014224270665758931,0.01776553948473314,0.014043708765553142,-1.0,1.0,1.0,-0.020478488726801136,-0.014224270665758931,2.3415478254872206,7.198450863110915
2022-03-04,281.04351806640625,-0.020478488726801136,-0.014224270665758931,0.000980142776537174,-1.0,1.0,1.0,-0.03777675754574161,-0.020478488726801136,2.2530917410020312,7.051037468260267
2022-03-07,270.4266052246094,-0.03777675754574161,-0.020478488726801136,-0.0049621683392637285,-1.0,-1.0,0.0,-0.0,-0.03777675754574161,2.2530917410020312,6.7846721353758594
2022-03-08,267.4596862792969,-0.010971253892893662,-0.03777675754574161,-0.013513144524396803,-1.0,-1.0,0.0,0.0,-0.010971253892893662,2.2530917410020312,6.71023577479861
2022-03-09,279.72491455078125,0.04585823172871106,-0.010971253892893662,-0.01313704626929244,1.0,-1.0,0.0,-0.0,0.04585823172871106,2.2530917410020312,7.017955321913612
2022-03-10,276.9034118652344,-0.01008670496898001,0.04585823172871106,-0.007518507820496856,-1.0,-1.0,0.0,-0.0,-0.01008670496898001,2.2530917410020312,6.9471672770959865
2022-03-11,271.5513000488281,-0.019328443013230445,-0.01008670496898001,-0.006690994681141071,-1.0,-1.0,0.0,-0.0,-0.019328443013230445,2.2530917410020312,6.812889350277257
2022-03-14,268.0317077636719,-0.012961058498056843,-0.019328443013230445,-0.006460985538426933,-1.0,-1.0,0.0,0.0,-0.012961058498056843,2.2530917410020312,6.724587092867525
2022-03-15,278.4158935546875,0.03874237819717785,-0.012961058498056843,-0.0014978457288899794,1.0,-1.0,0.0,0.0,0.03874237819717785,2.2530917410020312,6.985113589239259
2022-03-16,285.43572998046875,0.025213490279434758,0.03874237819717785,0.008444880689124324,1.0,1.0,1.0,0.0028193686025619336,0.025213490279434758,2.259444037115304,7.161232682822291
2022-03-17,286.240478515625,0.0028193686025619336,0.025213490279434758,0.004315932399269062,1.0,1.0,1.0,0.017647796349667066,0.0028193686025619336,2.2993182453457846,7.181422837403881
2022-03-18,291.2919921875,0.017647796349667066,0.0028193686025619336,0.006897147113577451,1.0,1.0,1.0,-0.004227214591512096,0.017647796349667066,2.2895985337085287,7.308159125139233
2022-03-21,290.0606384277344,-0.004227214591512096,0.017647796349667066,0.014292394986156953,-1.0,1.0,1.0,0.01637914772122917,-0.004227214591512096,2.3271002063144506,7.2772659682483525
2022-03-22,294.81158447265625,0.01637914772122917,-0.004227214591512096,0.016039163767465902,1.0,1.0,1.0,-0.015029834211593651,0.01637914772122917,2.292124276019779,7.396461382548966
2022-03-23,290.380615234375,-0.015029834211593651,0.01637914772122917,0.011566517672276167,-1.0,1.0,1.0,0.015392963168793683,-0.015029834211593651,2.3274068605788494,7.2852937942168
2022-03-24,294.8504333496094,0.015392963168793683,-0.015029834211593651,0.0035178527740704845,1.0,1.0,1.0,-0.0013811292656882301,0.015392963168793683,2.3241924108505403,7.397436053265021
2022-03-25,294.4432067871094,-0.0013811292656882301,0.015392963168793683,0.006032571687316834,-1.0,1.0,1.0,0.023116367987570996,-0.0013811292656882301,2.377919297893681,7.3872192378407995
2022-03-28,301.2496643066406,0.023116367987570996,-0.0013811292656882301,0.0022267865642457752,1.0,1.0,1.0,0.015159326248114668,0.023116367987570996,2.413966952322139,7.557984916147591
2022-03-29,305.81640625,0.015159326248114668,0.023116367987570996,0.007695503080062394,1.0,1.0,1.0,-0.0049141841446436185,0.015159326248114668,2.402104274199344,7.672558875269802
2022-03-30,304.3135681152344,-0.0049141841446436185,0.015159326248114668,0.0074515387854394936,-1.0,1.0,1.0,-0.01768305994927466,-0.0049141841446436185,2.3596277203142684,7.634854508096106
2022-03-31,298.932373046875,-0.01768305994927466,-0.0049141841446436185,0.0094746687988295,-1.0,1.0,1.0,0.0036000512892968572,-0.01768305994927466,2.3681225011310465,7.499846918125453
2022-04-01,300.008544921875,0.0036000512892968572,-0.01768305994927466,0.0028594641752158314,1.0,1.0,1.0,0.017937009443904195,0.0036000512892968572,2.410599536798156,7.526846751692579
2022-04-04,305.3898010253906,0.017937009443904195,0.0036000512892968572,0.0038557002862128487,1.0,1.0,1.0,-0.012985393343648122,0.017937009443904195,2.379296953618816,7.661855872960508
2022-04-05,301.4241943359375,-0.012985393343648122,0.017937009443904195,0.0028198285774794886,-1.0,1.0,1.0,-0.036606004939927494,-0.012985393343648122,2.292200397581091,7.562363660707776
2022-04-06,290.3902587890625,-0.036606004939927494,-0.012985393343648122,-0.0028091153408730694,-1.0,-1.0,0.0,0.0,-0.036606004939927494,2.292200397581091,7.285535739186379
2022-04-07,292.2033996582031,0.006243807477225527,-0.036606004939927494,-0.009147479499929844,1.0,-1.0,0.0,-0.0,0.006243807477225527,2.292200397581091,7.331025221710305
2022-04-08,287.937255859375,-0.014599911581515967,0.006243807477225527,-0.004362106014629807,-1.0,-1.0,0.0,-0.0,-0.014599911581515967,2.292200397581091,7.223992901671471
2022-04-11,276.58343505859375,-0.039431579518582005,-0.014599911581515967,-0.008002098588792372,-1.0,-1.0,0.0,-0.0,-0.039431579518582005,2.292200397581091,6.939139451127541
2022-04-12,273.4807434082031,-0.011217922901757715,-0.039431579518582005,-0.01947581638128961,-1.0,-1.0,0.0,0.0,-0.011217922901757715,2.292200397581091,6.861296719760246
2022-04-13,278.87158203125,0.019711949572260634,-0.011217922901757715,-0.019122322292911532,1.0,-1.0,0.0,-0.0,0.019711949572260634,2.292200397581091,6.996546254700478
2022-04-14,271.31854248046875,-0.02708429269044299,0.019711949572260634,-0.007858731390473906,-1.0,-1.0,0.0,0.0,-0.02708429269044299,2.292200397581091,6.807049748115947
2022-04-18,271.9875793457031,0.0024658722515529252,-0.02708429269044299,-0.014524351424007608,1.0,-1.0,0.0,0.0,0.0024658722515529252,2.292200397581091,6.823835063204767
2022-04-19,276.6222229003906,0.017039908829060035,0.0024658722515529252,-0.01111119465739383,1.0,-1.0,0.0,0.0,0.017039908829060035,2.292200397581091,6.940112590546319
2022-04-20,277.6499328613281,0.003715211128599627,0.017039908829060035,0.0001831030121345778,1.0,1.0,1.0,-0.019381002465038377,0.003715211128599627,2.24777525602521,6.96589657407645
2022-04-21,272.268798828125,-0.019381002465038377,0.003715211128599627,0.0031697298182060464,-1.0,1.0,1.0,-0.024144378697163682,-0.019381002465038377,2.193504119017623,6.830890515403072
2022-04-22,265.6950378417969,-0.024144378697163682,-0.019381002465038377,-0.004648860589253756,-1.0,-1.0,0.0,0.0,-0.024144378697163682,2.193504119017623,6.665962907960317
2022-04-25,272.1815185546875,0.024413255006865642,-0.024144378697163682,-0.0040608777905978945,1.0,-1.0,0.0,-0.0,0.024413255006865642,2.193504119017623,6.82870076029866
2022-04-26,262.0008850097656,-0.0374038384346671,0.024413255006865642,0.000328598760464649,-1.0,1.0,1.0,0.048109168695826376,-0.0374038384346671,2.299031778714432,6.57328114034176
2022-04-27,274.60552978515625,0.048109168695826376,-0.0374038384346671,-0.010560150692280779,1.0,-1.0,0.0,0.0,0.048109168695826376,2.299031778714432,6.889516231607556
2022-04-28,280.8204650878906,0.022632229247520064,0.048109168695826376,-0.0016813591788354288,1.0,-1.0,0.0,-0.0,0.022632229247520064,2.299031778714432,7.045441342365809
2022-04-29,269.07879638671875,-0.04181201216049901,0.022632229247520064,0.0067212871636762594,-1.0,1.0,1.0,0.025043511673921826,-0.04181201216049901,2.356607607903384,6.750857263282727
2022-05-02,275.8174743652344,0.025043511673921826,-0.04181201216049901,0.0031877604710091934,1.0,1.0,1.0,-0.009456419886419432,0.025043511673921826,2.334322536855519,6.919922435964728
2022-05-03,273.209228515625,-0.009456419886419432,0.025043511673921826,0.0033138118044204303,-1.0,1.0,1.0,0.02910107991939692,-0.009456419886419432,2.4022538435582006,6.854484743828791
2022-05-04,281.159912109375,0.02910107991939692,-0.009456419886419432,0.008903295514069964,1.0,1.0,1.0,-0.04355474974188778,0.02910107991939692,2.297624278585535,7.05395765216524
2022-05-05,268.9140625,-0.04355474974188778,0.02910107991939692,0.0051016777587840735,-1.0,1.0,1.0,-0.009446790295168594,-0.04355474974188778,2.2759191038486493,6.746724291935308
2022-05-06,266.3736877441406,-0.009446790295168594,-0.04355474974188778,-0.008135718039097494,-1.0,-1.0,0.0,-0.0,-0.009446790295168594,2.2759191038486493,6.682989402370076
2022-05-09,256.5323791503906,-0.03694549817248782,-0.009446790295168594,-0.0016626736660314112,-1.0,-1.0,0.0,0.0,-0.03694549817248782,2.2759191038486493,6.4360830296180565
2022-05-10,261.3027038574219,0.018595409760086,-0.03694549817248782,-0.014060475635313341,1.0,-1.0,0.0,-0.0,0.018595409760086,2.2759191038486493,6.55576463080374
2022-05-11,252.62501525878906,-0.03320933335373266,0.018595409760086,-0.008450109706012255,-1.0,-1.0,0.0,-0.0,-0.03320933335373266,2.2759191038486493,6.338052057790768
2022-05-12,247.5832061767578,-0.01995767947551208,-0.03320933335373266,-0.02091219236063817,-1.0,-1.0,0.0,0.0,-0.01995767947551208,2.2759191038486493,6.21155924632227
2022-05-13,253.17767333984375,0.02259631115323657,-0.01995767947551208,-0.016192778307363032,1.0,-1.0,0.0,0.0,0.02259631115323657,2.2759191038486493,6.351917571798932
2022-05-16,253.54608154296875,0.0014551370121427265,0.02259631115323657,-0.009784158017682,1.0,-1.0,0.0,0.0,0.0014551370121427265,2.2759191038486493,6.361160482155737
2022-05-17,258.70428466796875,0.020344243119867933,0.0014551370121427265,-0.0021040309807558886,1.0,-1.0,0.0,-0.0,0.020344243119867933,2.2759191038486493,6.490573477529209
2022-05-18,246.9256134033203,-0.04552947887881198,0.020344243119867933,-0.0017542643087995024,-1.0,-1.0,0.0,-0.0,-0.04552947887881198,2.2759191038486493,6.195061049472666
2022-05-19,246.01205444335938,-0.00369973348398156,-0.04552947887881198,-0.004218293413815366,-1.0,-1.0,0.0,-0.0,-0.00369973348398156,2.2759191038486493,6.172140974672622
2022-05-20,245.44837951660156,-0.0022912492155443553,-0.00369973348398156,-0.000966704215509262,-1.0,-1.0,0.0,0.0,-0.0022912492155443553,2.2759191038486493,6.157999061506175
2022-05-23,253.31056213378906,0.03203191902375435,-0.0022912492155443553,-0.005944216289265447,1.0,-1.0,0.0,-0.0,0.03203191902375435,2.2759191038486493,6.3552515887926955
2022-05-24,252.3095703125,-0.0039516387033257105,0.03203191902375435,0.00017114011305687792,-1.0,1.0,1.0,0.011170183171095083,-0.0039516387033257105,2.301341537121233,6.3301379306450505
2022-05-25,255.12791442871094,0.011170183171095083,-0.0039516387033257105,-0.00468803625158185,1.0,-1.0,0.0,0.0,0.011170183171095083,2.301341537121233,6.400846730828652
2022-05-26,258.4127197265625,0.012875130913083233,0.011170183171095083,0.006651896158399562,1.0,1.0,1.0,0.02760441245452694,0.012875130913083233,2.3648687181106625,6.483258470442652
2022-05-27,265.5460510253906,0.02760441245452694,0.012875130913083233,0.00996686903781252,1.0,1.0,1.0,-0.005013668469707189,0.02760441245452694,2.3530120503836742,6.662225011310056
2022-05-31,264.2146911621094,-0.005013668469707189,0.02760441245452694,0.01594600137182678,-1.0,1.0,1.0,0.002022918789755357,-0.005013668469707189,2.3577720026729163,6.628822823832756
2022-06-01,264.7491760253906,0.002022918789755357,-0.005013668469707189,0.008536883873134471,1.0,1.0,1.0,0.007928946788128721,0.002022918789755357,2.3764666514206496,6.6422323940770465
2022-06-02,266.8483581542969,0.007928946788128721,0.002022918789755357,0.009731795371750684,1.0,1.0,1.0,-0.01660733704959705,0.007928946788128721,2.3369998687533795,6.694898301284068
2022-06-03,262.4167175292969,-0.01660733704959705,0.007928946788128721,0.009083548095157412,-1.0,1.0,1.0,-0.004703291862385162,-0.01660733704959705,2.3260082762882766,6.583713868681869
2022-06-06,261.1824951171875,-0.004703291862385162,-0.01660733704959705,0.003187054502621356,-1.0,1.0,1.0,0.013953497067452192,-0.004703291862385162,2.3584642259503346,6.552748740819025
2022-06-07,264.826904296875,0.013953497067452192,-0.004703291862385162,-0.0032744863607610643,1.0,-1.0,0.0,-0.0,0.013953497067452192,2.3584642259503346,6.644182501157794
2022-06-08,262.7957458496094,-0.007669758677496974,0.013953497067452192,0.0005189467466708119,-1.0,1.0,1.0,-0.02078329486252406,-0.007669758677496974,2.309447568519694,6.593223224764666
2022-06-09,257.333984375,-0.02078329486252406,-0.007669758677496974,-0.0014195887467796542,-1.0,-1.0,0.0,-0.0,-0.02078329486252406,2.309447568519694,6.45619432238994
2022-06-10,245.8662872314453,-0.04456347719251641,-0.02078329486252406,-0.00716203707691021,-1.0,-1.0,0.0,-0.0,-0.04456347719251641,2.309447568519694,6.168483853953662
2022-06-13,235.43841552734375,-0.04241277574702762,-0.04456347719251641,-0.012753265105494082,-1.0,-1.0,0.0,0.0,-0.04241277574702762,2.309447568519694,5.906861331556764
2022-06-14,237.60560607910156,0.009204914783781826,-0.04241277574702762,-0.020295161882422575,1.0,-1.0,0.0,0.0,0.009204914783781826,2.309447568519694,5.96123348675336
2022-06-15,244.67088317871094,0.02973531313590838,0.009204914783781826,-0.02124487833915665,1.0,-1.0,0.0,-0.0,0.02973531313590838,2.309447568519694,6.138492631158234
2022-06-16,238.07208251953125,-0.02697011010648065,0.02973531313590838,-0.013763863976475577,-1.0,-1.0,0.0,0.0,-0.02697011010648065,2.309447568519694,5.972936809008076
2022-06-17,240.6765899658203,0.01093999522634248,-0.02697011010648065,-0.015001227025266895,1.0,-1.0,0.0,0.0,0.01093999522634248,2.309447568519694,6.03828070918587
2022-06-21,246.59515380859375,0.024591356573624212,0.01093999522634248,-0.0039005325414951165,1.0,-1.0,0.0,-0.0,0.024591356573624212,2.309447568519694,6.1867702231970965
2022-06-22,246.00233459472656,-0.002404018102996952,0.024591356573624212,0.00950029392263525,-1.0,1.0,1.0,0.022636632940721046,-0.002404018102996952,2.361725685424115,6.171897115581448
2022-06-23,251.5709991455078,0.022636632940721046,-0.002404018102996952,0.007178507345279495,1.0,1.0,1.0,0.034149722110635716,0.022636632940721046,2.442377961282899,6.31160808513476
2022-06-24,260.1620788574219,0.034149722110635716,0.022636632940721046,0.005758771306242028,1.0,1.0,1.0,-0.010497019879551761,0.034149722110635716,2.4167402712699335,6.527147747313354
2022-06-27,257.43115234375,-0.010497019879551761,0.034149722110635716,0.0179827377496653,-1.0,1.0,1.0,-0.0317487846606439,-0.010497019879551761,2.3400117048166784,6.4586321476530335
2022-06-28,249.25802612304688,-0.0317487846606439,-0.010497019879551761,0.013695334728486452,-1.0,1.0,1.0,0.014738015793210435,-0.0317487846606439,2.374498834278564,6.253578426394886
2022-06-29,252.9315948486328,0.014738015793210435,-0.0317487846606439,0.0024273064816328293,1.0,1.0,1.0,-0.013179256309903575,0.014738015793210435,2.3432047055340397,6.345743764007174
2022-06-30,249.59814453125,-0.013179256309903575,0.014738015793210435,0.005855713260874307,-1.0,1.0,1.0,0.010707274583950266,-0.013179256309903575,2.368294041722597,6.262111580464351
2022-07-01,252.27066040039062,0.010707274583950266,-0.013179256309903575,-0.0013074645892506176,1.0,-1.0,0.0,0.0,0.010707274583950266,2.368294041722597,6.329161728631718
2022-07-05,255.4486846923828,0.01259767698292058,0.010707274583950266,-0.005995954094587708,1.0,-1.0,0.0,0.0,0.01259767698292058,2.368294041722597,6.408894463661683
2022-07-06,258.7140197753906,0.012782743770789029,0.01259767698292058,-0.0013770147220932393,1.0,-1.0,0.0,0.0,0.012782743770789029,2.368294041722597,6.490817719444699
2022-07-07,260.8424377441406,0.008226913912890543,0.012782743770789029,0.007529290964193347,1.0,1.0,1.0,-0.00275713282053891,0.008226913912890543,2.3617643404914768,6.544217118046835
2022-07-08,260.1232604980469,-0.00275713282053891,0.008226913912890543,0.0062270705881293685,-1.0,1.0,1.0,-0.011768923869967973,-0.00275713282053891,2.3339689157694274,6.526173842245935
2022-07-11,257.0618896484375,-0.011768923869967973,-0.00275713282053891,0.008311495286002302,-1.0,1.0,1.0,-0.040981413214895124,-0.011768923869967973,2.23831957120156,6.449367799134366
2022-07-12,246.52713012695312,-0.040981413214895124,-0.011768923869967973,0.003816255595218654,-1.0,1.0,1.0,-0.003745078885756814,-0.040981413214895124,2.2299368878358767,6.1850635923832025
2022-07-13,245.60386657714844,-0.003745078885756814,-0.040981413214895124,-0.006899562444344487,-1.0,-1.0,0.0,0.0,-0.003745078885756814,2.2299368878358767,6.161900041316305
2022-07-14,246.9256134033203,0.005381620593325254,-0.003745078885756814,-0.010205126975653655,1.0,-1.0,0.0,0.0,0.005381620593325254,2.2299368878358767,6.195061049472665
2022-07-15,249.49122619628906,0.01039022545133128,0.005381620593325254,-0.010774185639566714,1.0,-1.0,0.0,-0.0,0.01039022545133128,2.2299368878358767,6.259429130461447
2022-07-18,247.0907745361328,-0.009621387079430499,0.01039022545133128,-0.008144713985192675,-1.0,-1.0,0.0,0.0,-0.009621387079430499,2.2299368878358767,6.199204739901014
2022-07-19,252.22210693359375,0.020766993049797344,-0.009621387079430499,-0.00771520662708518,1.0,-1.0,0.0,0.0,0.020766993049797344,2.2299368878358767,6.327943581648809
2022-07-20,254.8849334716797,0.010557466871002674,0.020766993049797344,0.004634474625853313,1.0,1.0,1.0,0.009799188093442046,0.010557466871002674,2.2517884588362853,6.394750636373641
2022-07-21,257.3825988769531,0.009799188093442046,0.010557466871002674,0.007494983777205211,1.0,1.0,1.0,-0.016915991426518118,0.009799188093442046,2.2136972245722784,6.457414000670124
2022-07-22,253.02871704101562,-0.016915991426518118,0.009799188093442046,0.008378497277228569,-1.0,1.0,1.0,-0.005876439545568823,-0.016915991426518118,2.2006885666598857,6.348180440797311
2022-07-25,251.54180908203125,-0.005876439545568823,-0.016915991426518118,0.0029172539016586894,-1.0,1.0,1.0,-0.02677420818531029,-0.005876439545568823,2.1417668728251016,6.310875742212603
2022-07-26,244.80697631835938,-0.02677420818531029,-0.005876439545568823,0.0036662434084310247,-1.0,1.0,1.0,0.06685191106523636,-0.02677420818531029,2.2849480813296745,6.141907041258978
2022-07-27,261.17279052734375,0.06685191106523636,-0.02677420818531029,-0.005841996838590502,1.0,-1.0,0.0,0.0,0.06685191106523636,2.2849480813296745,6.552505264552172
2022-07-28,268.62677001953125,0.028540413712840884,0.06685191106523636,0.005416892000256235,1.0,1.0,1.0,0.015665227128809356,0.028540413712840884,2.320742312001241,6.739516475658059
2022-07-29,272.8348693847656,0.015665227128809356,0.028540413712840884,0.009165137124136002,1.0,1.0,1.0,-0.00972410959734582,0.015665227128809356,2.298175159412143,6.845092531987595
2022-08-01,270.1817932128906,-0.00972410959734582,0.015665227128809356,0.015681380835201496,-1.0,1.0,1.0,-0.011474682313984741,-0.00972410959734582,2.2718043295559975,6.778530102002573
2022-08-02,267.08154296875,-0.011474682313984741,-0.00972410959734582,0.014911846824846097,-1.0,1.0,1.0,0.027836445556808975,-0.011474682313984741,2.335043287091406,6.700748622526311
2022-08-03,274.5161437988281,0.027836445556808975,-0.011474682313984741,0.017971751999111208,1.0,1.0,1.0,0.004177605194686906,0.027836445556808975,2.344798176057378,6.887273646747127
2022-08-04,275.6629638671875,0.004177605194686906,0.027836445556808975,0.010168658897425732,1.0,1.0,1.0,-0.002609011212759027,0.004177605194686906,2.3386805713243874,6.916045956911009
2022-08-05,274.9437561035156,-0.002609011212759027,0.004177605194686906,0.0052960971937949354,-1.0,1.0,1.0,-0.009154815376946401,-0.002609011212759027,2.3172703824682612,6.898001915461471
2022-08-08,272.42669677734375,-0.009154815376946401,-0.002609011212759027,0.0016412495254812588,-1.0,1.0,1.0,0.007063275649112688,-0.009154815376946401,2.3336379019331592,6.834851981455598
2022-08-09,274.3509216308594,0.007063275649112688,-0.009154815376946401,0.0017551083695611426,1.0,1.0,1.0,0.02430040897977981,0.007063275649112688,2.3903462573608505,6.8831284250215035
2022-08-10,281.01776123046875,0.02430040897977981,0.007063275649112688,0.005462699962180628,1.0,1.0,1.0,-0.007400642240391608,0.02430040897977981,2.372656159879464,7.0503912608098736
2022-08-11,278.93804931640625,-0.007400642240391608,0.02430040897977981,0.004755492646774795,-1.0,1.0,1.0,0.01703707626121931,-0.007400642240391608,2.413079283816982,6.998213837433836
2022-08-12,283.6903381347656,0.01703707626121931,-0.007400642240391608,0.002439843159759092,1.0,1.0,1.0,0.005344254200612797,0.01703707626121931,2.425975392915933,7.1174429402745165
2022-08-15,285.2064514160156,0.005344254200612797,0.01703707626121931,0.006369060654554759,1.0,1.0,1.0,-0.002589762397351869,0.005344254200612797,2.4196926930664584,7.1554803646057
2022-08-16,284.46783447265625,-0.002589762397351869,0.005344254200612797,0.009268874570066598,-1.0,1.0,1.0,-0.0026362873898695405,-0.002589762397351869,2.413313687732368,7.136949370622455
2022-08-17,283.7178955078125,-0.0026362873898695405,-0.002589762397351869,0.007338266960773688,-1.0,1.0,1.0,-0.0039474584343888175,-0.0026362873898695405,2.403787232260903,7.118134320994546
2022-08-18,282.5979309082031,-0.0039474584343888175,-0.0026362873898695405,0.0019509276868438174,-1.0,1.0,1.0,-0.013853958820837953,-0.0039474584343888175,2.3704852629311044,7.090035781632023
2022-08-19,278.6828308105469,-0.013853958820837953,-0.0039474584343888175,0.002641564448044376,-1.0,1.0,1.0,-0.029355404293026632,-0.013853958820837953,2.3008987096671003,6.991810717875026
2022-08-22,270.5019836425781,-0.029355404293026632,-0.013853958820837953,-0.0035366425683670765,-1.0,-1.0,0.0,-0.0,-0.029355404293026632,2.3008987096671003,6.786563287511488
2022-08-23,269.22625732421875,-0.0047161440414611455,-0.029355404293026632,-0.010476574267094963,-1.0,-1.0,0.0,-0.0,-0.0047161440414611455,2.3008987096671003,6.754556877501091
2022-08-24,268.5931701660156,-0.002351505995348502,-0.0047161440414611455,-0.010901850595916817,-1.0,-1.0,0.0,0.0,-0.002351505995348502,2.3008987096671003,6.738673496507725
2022-08-25,271.5732727050781,0.011095228286037706,-0.002351505995348502,-0.01084489431701261,1.0,-1.0,0.0,-0.0,0.011095228286037706,2.3008987096671003,6.81344061729655
2022-08-26,261.09417724609375,-0.03858662288304204,0.011095228286037706,-0.007836356972927306,-1.0,-1.0,0.0,-0.0,-0.03858662288304204,2.3008987096671003,6.550532953660927
2022-08-29,258.3087463378906,-0.01066829960584581,-0.03858662288304204,-0.012782889785368123,-1.0,-1.0,0.0,-0.0,-0.01066829960584581,2.3008987096671003,6.480649905533306
2022-08-30,256.10772705078125,-0.008520885639041631,-0.01066829960584581,-0.009045468847931958,-1.0,-1.0,0.0,-0.0,-0.008520885639041631,2.3008987096671003,6.425429028821591
2022-08-31,254.64683532714844,-0.005704207914598136,-0.008520885639041631,-0.009806417167448057,-1.0,-1.0,0.0,-0.0,-0.005704207914598136,2.3008987096671003,6.388777045700698
2022-09-01,253.60476684570312,-0.004092210610458058,-0.005704207914598136,-0.010476957551297983,-1.0,-1.0,0.0,-0.0,-0.004092210610458058,2.3008987096671003,6.362632824486431
2022-09-02,249.37803649902344,-0.01666660449348456,-0.004092210610458058,-0.013514445330597136,-1.0,-1.0,0.0,-0.0,-0.01666660449348456,2.3008987096671003,6.256589339663453
2022-09-06,246.641357421875,-0.010974018063371616,-0.01666660449348456,-0.00913044165268564,-1.0,-1.0,0.0,0.0,-0.010974018063371616,2.3008987096671003,6.187929415234888
2022-09-07,251.35504150390625,0.019111490997710368,-0.010974018063371616,-0.0091915853441908,1.0,-1.0,0.0,0.0,0.019111490997710368,2.3008987096671003,6.306189972548617
2022-09-08,251.77381896972656,0.001666079436142054,0.019111490997710368,-0.0036651100168404007,1.0,-1.0,0.0,0.0,0.001666079436142054,2.3008987096671003,6.316696585982285
2022-09-09,257.55877685546875,0.022976804774279547,0.001666079436142054,-0.0021910525466923626,1.0,-1.0,0.0,0.0,0.022976804774279547,2.3008987096671003,6.461834090256758
2022-09-12,259.6917419433594,0.008281469239495465,0.022976804774279547,0.0032227505302551583,1.0,1.0,1.0,-0.05497863055269836,0.008281469239495465,2.1743984495691326,6.515347570505942
2022-09-13,245.41424560546875,-0.05497863055269836,0.008281469239495465,0.008212365276851163,-1.0,1.0,1.0,0.000912676295933279,-0.05497863055269836,2.1763829714919685,6.157142683504675
2022-09-14,245.6382293701172,0.000912676295933279,-0.05497863055269836,-0.0005885572210141854,1.0,-1.0,0.0,-0.0,0.000912676295933279,2.1763829714919685,6.162762161682589
2022-09-15,238.97674560546875,-0.02711908395419671,0.000912676295933279,-0.004228320161369603,-1.0,-1.0,0.0,-0.0,-0.02711908395419671,2.1763829714919685,5.995633697230172
2022-09-16,238.35345458984375,-0.0026081659704831894,-0.02711908395419671,-0.009985352839437356,-1.0,-1.0,0.0,-0.0,-0.0026081659704831894,2.1763829714919685,5.979996089449574
2022-09-19,238.1392059326172,-0.0008988695280093273,-0.0026081659704831894,-0.015102346988389904,-1.0,-1.0,0.0,-0.0,-0.0008988695280093273,2.1763829714919685,5.974620853187153
2022-09-20,236.1232147216797,-0.00846559978665562,-0.0008988695280093273,-0.01693841474189086,-1.0,-1.0,0.0,-0.0,-0.00846559978665562,2.1763829714919685,5.9240421041670634
2022-09-21,232.71453857421875,-0.014436006012703007,-0.00846559978665562,-0.007635808588682314,-1.0,-1.0,0.0,0.0,-0.014436006012703007,2.1763829714919685,5.838522596731802
2022-09-22,234.69154357910156,0.008495408224150625,-0.014436006012703007,-0.010705545050409571,1.0,-1.0,0.0,-0.0,0.008495408224150625,2.1763829714919685,5.8881232296169665
2022-09-23,231.71141052246094,-0.012698084520613273,0.008495408224150625,-0.0035826466147401035,-1.0,-1.0,0.0,-0.0,-0.012698084520613273,2.1763829714919685,5.813355343179504
2022-09-26,231.253662109375,-0.0019755108824973666,-0.012698084520613273,-0.005600630324766121,-1.0,-1.0,0.0,-0.0,-0.0019755108824973666,2.1763829714919685,5.801870996435229
2022-09-27,230.24078369140625,-0.004379945418938713,-0.0019755108824973666,-0.005815958595663728,-1.0,-1.0,0.0,0.0,-0.004379945418938713,2.1763829714919685,5.776459118143118
2022-09-28,234.7792205810547,0.019711698409311085,-0.004379945418938713,-0.004998827722120347,1.0,-1.0,0.0,-0.0,0.019711698409311085,2.1763829714919685,5.890322938153671
2022-09-29,231.30233764648438,-0.014809159541314565,0.019711698409311085,0.0018307131622824712,-1.0,1.0,1.0,-0.019368307030384724,-0.014809159541314565,2.134230117884411,5.803092206012688
2022-09-30,226.82240295410156,-0.019368307030384724,-0.014809159541314565,-0.002830200390810567,-1.0,-1.0,0.0,0.0,-0.019368307030384724,2.134230117884411,5.690696134441001
2022-10-03,234.45782470703125,0.03366255560953002,-0.019368307030384724,-0.004164244892764857,1.0,-1.0,0.0,0.0,0.03366255560953002,2.134230117884411,5.882259509523559
2022-10-04,242.38540649414062,0.03381240014921816,0.03366255560953002,0.0029633684056406206,1.0,1.0,1.0,0.0012858066461567397,0.03381240014921816,2.136974325154415,6.081152821841113
2022-10-05,242.6970672607422,0.0012858066461567397,0.03381240014921816,0.010601837519271995,1.0,1.0,1.0,-0.00967118389703614,0.0012858066461567397,2.116307253472602,6.088972008555731
2022-10-06,240.3498992919922,-0.00967118389703614,0.0012858066461567397,0.006916659166641126,-1.0,1.0,1.0,-0.05085270542220832,-0.00967118389703614,2.008687304128877,6.030084440517084
2022-10-07,228.12745666503906,-0.05085270542220832,-0.00967118389703614,0.00794425429549681,-1.0,1.0,1.0,-0.02130314708591874,-0.05085270542220832,1.9658959430394018,5.723438332792426
2022-10-10,223.2676239013672,-0.02130314708591874,-0.05085270542220832,0.0016473746171320914,-1.0,1.0,1.0,-0.01675012833115097,-0.02130314708591874,1.9329669337078028,5.601511084151764
2022-10-11,219.52786254882812,-0.01675012833115097,-0.02130314708591874,-0.00934576592195766,-1.0,-1.0,0.0,0.0,-0.01675012833115097,1.9329669337078028,5.507685054643858
2022-10-12,219.85897827148438,0.001508308416124704,-0.01675012833115097,-0.019458271618031486,1.0,-1.0,0.0,0.0,0.001508308416124704,1.9329669337078028,5.515992342365141
2022-10-13,228.12745666503906,0.0376080997854209,0.001508308416124704,-0.019413771264037892,1.0,-1.0,0.0,-0.0,0.0376080997854209,1.9329669337078028,5.723438332792427
2022-10-14,222.5956573486328,-0.02424872217169638,0.0376080997854209,-0.009957914527546486,-1.0,-1.0,0.0,0.0,-0.02424872217169638,1.9329669337078028,5.584652266793706
2022-10-17,231.33155822753906,0.03924560336423788,-0.02424872217169638,-0.004637117877444097,1.0,-1.0,0.0,0.0,0.03924560336423788,1.9329669337078028,5.803825314583484
2022-10-18,232.27626037597656,0.004083758202624077,0.03924560336423788,0.007472632212587227,1.0,1.0,1.0,-0.008469591998190529,0.004083758202624077,1.9165954924333044,5.827526733818512
2022-10-19,230.30897521972656,-0.008469591998190529,0.004083758202624077,0.011639409519342236,-1.0,1.0,1.0,-0.00139543243995488,-0.008469591998190529,1.9139210129088917,5.778169960024521
2022-10-20,229.9875946044922,-0.00139543243995488,-0.008469591998190529,0.00964382943647919,-1.0,1.0,1.0,0.02528066573308796,-0.00139543243995488,1.9623062102757745,5.77010691421873
2022-10-21,235.8018341064453,0.02528066573308796,-0.00139543243995488,0.0018431229914040337,1.0,1.0,1.0,0.021187679769041345,0.02528066573308796,2.0038829258678987,5.915979058361273
2022-10-24,240.7979278564453,0.021187679769041345,0.02528066573308796,0.0117490005723609,1.0,1.0,1.0,0.01379177010636834,0.021187679769041345,2.0315200185015456,6.041324928170186
2022-10-25,244.11895751953125,0.01379177010636834,0.021187679769041345,0.008137415853321594,1.0,1.0,1.0,-0.07715634762585177,0.01379177010636834,1.8747753537451635,6.124645492717382
2022-10-26,225.28363037109375,-0.07715634762585177,0.01379177010636834,0.010079018234070447,-1.0,1.0,1.0,-0.01975611527027421,-0.07715634762585177,1.837737075750705,5.652090215996173
2022-10-27,220.83290100097656,-0.01975611527027421,-0.07715634762585177,-0.0036583328914618018,-1.0,-1.0,0.0,0.0,-0.01975611527027421,1.837737075750705,5.540426870170964
2022-10-28,229.7148895263672,0.04022040413874439,-0.01975611527027421,-0.007330469457525668,1.0,-1.0,0.0,-0.0,0.04022040413874439,1.837737075750705,5.763265077990399
2022-10-31,226.07249450683594,-0.015856155545864947,0.04022040413874439,-0.004342521776394381,-1.0,-1.0,0.0,-0.0,-0.015856155545864947,1.837737075750705,5.671881850461731
2022-11-01,222.2158203125,-0.017059457864385674,-0.015856155545864947,-0.01175128883937564,-1.0,-1.0,0.0,-0.0,-0.017059457864385674,1.837737075750705,5.575122621022006
2022-11-02,214.35643005371094,-0.0353682750748191,-0.017059457864385674,-0.017921534433526443,-1.0,-1.0,0.0,-0.0,-0.0353682750748191,1.837737075750705,5.377940150585853
2022-11-03,208.65911865234375,-0.026578682057448066,-0.0353682750748191,-0.009563919923319907,-1.0,-1.0,0.0,0.0,-0.026578682057448066,1.837737075750705,5.235001589199447
2022-11-04,215.61276245117188,0.03332537702516558,-0.026578682057448066,-0.01092843328075468,1.0,-1.0,0.0,0.0,0.03332537702516558,1.837737075750705,5.40945999088686
2022-11-07,221.92367553710938,0.02926966388349439,0.03332537702516558,-0.012307438703470442,1.0,-1.0,0.0,0.0,0.02926966388349439,1.837737075750705,5.567793066611329
2022-11-08,222.89756774902344,0.004388410608093141,0.02926966388349439,-0.003282274817598574,1.0,-1.0,0.0,-0.0,0.004388410608093141,1.837737075750705,5.5922268287685135
2022-11-09,218.6513214111328,-0.019050213875244193,0.004388410608093141,0.0010072988768971892,-1.0,1.0,1.0,0.08226820790321643,-0.019050213875244193,1.988924411570013,5.485693711641595
2022-11-10,236.63937377929688,0.08226820790321643,-0.019050213875244193,0.004270911116812171,1.0,1.0,1.0,0.016997177916119988,0.08226820790321643,2.022730513655183,5.9369919024042925
2022-11-11,240.6615753173828,0.016997177916119988,0.08226820790321643,0.02604028910894507,1.0,1.0,1.0,-0.022500004279737085,0.016997177916119988,1.9772190684411866,6.037904010056022
2022-11-14,235.24668884277344,-0.022500004279737085,0.016997177916119988,0.02277464928713595,-1.0,1.0,1.0,0.0017387805133861622,-0.022500004279737085,1.9806570184280876,5.9020511439891195
2022-11-15,235.65573120117188,0.0017387805133861622,-0.022500004279737085,0.012420715654489656,1.0,1.0,1.0,0.0018234343658811714,0.0017387805133861622,1.9842686165025132,5.912313515507297
2022-11-16,236.08543395996094,0.0018234343658811714,0.0017387805133861622,0.01189078963554826,1.0,1.0,1.0,-0.0002067593302652604,0.0018234343658811714,1.9838583504522989,5.923094231153336
2022-11-17,236.03662109375,-0.0002067593302652604,0.0018234343658811714,0.01606551928377333,-1.0,1.0,1.0,-0.0019034325397235818,-0.0002067593302652604,1.9800822099138455,5.921869576157005
2022-11-18,235.58734130859375,-0.0019034325397235818,-0.0002067593302652604,-0.0004294741629230048,-1.0,-1.0,0.0,0.0,-0.0019034325397235818,1.9800822099138455,5.910597696909749
2022-11-21,236.39797973632812,0.0034409252349112407,-0.0019034325397235818,-0.0042095962540917185,1.0,-1.0,0.0,0.0,0.0034409252349112407,1.9800822099138455,5.9309356216784535
2022-11-22,239.30838012695312,0.012311443582856185,0.0034409252349112407,0.0009785896488379465,1.0,1.0,1.0,0.01040698413613339,0.012311443582856185,2.000688894060659,6.0039540009782995
2022-11-23,241.79885864257812,0.01040698413613339,0.012311443582856185,0.003093122262731951,1.0,1.0,1.0,-0.0003635496225357082,0.01040698413613339,1.999961544368412,6.066437055020555
2022-11-25,241.71095275878906,-0.0003635496225357082,0.01040698413613339,0.004809832216782395,-1.0,1.0,1.0,-0.023152474478985163,-0.0003635496225357082,1.9536574857534705,6.064231604119065
2022-11-28,236.11474609375,-0.023152474478985163,-0.0003635496225357082,0.004778474158328305,-1.0,1.0,1.0,-0.005914948000570797,-0.023152474478985163,1.9421017033143129,5.923829636670043
2022-11-29,234.7181396484375,-0.005914948000570797,-0.023152474478985163,0.000528665770475989,-1.0,1.0,1.0,0.06162351629983398,-0.005914948000570797,2.0617808392844377,5.8887904924049
2022-11-30,249.1822967529297,0.06162351629983398,-0.005914948000570797,-0.0013425088766204185,1.0,-1.0,0.0,-0.0,0.06162351629983398,2.0617808392844377,6.251678469299921
2022-12-01,248.74281311035156,-0.001763703314019427,0.06162351629983398,0.00851990566677514,-1.0,1.0,1.0,0.0012957616637718772,-0.001763703314019427,2.0644524158550817,6.240652363265433
2022-12-02,249.06512451171875,0.0012957616637718772,-0.001763703314019427,0.006085768176744577,1.0,1.0,1.0,-0.018900573751992056,0.0012957616637718772,2.0254330807117347,6.248738761354679
2022-12-05,244.35765075683594,-0.018900573751992056,0.0012957616637718772,0.006417630434006094,-1.0,1.0,1.0,-0.02030382616752624,-0.018900573751992056,1.9843090395270064,6.130634013538764
2022-12-06,239.39625549316406,-0.02030382616752624,-0.018900573751992056,0.007268010579404715,-1.0,1.0,1.0,-0.0030596453977873583,-0.02030382616752624,1.9782377575064298,6.0061586862311485
2022-12-07,238.66378784179688,-0.0030596453977873583,-0.02030382616752624,0.004390234946013627,-1.0,1.0,1.0,0.012399215654683493,-0.0030596453977873583,2.0027663540779894,5.987781970448441
2022-12-08,241.62303161621094,0.012399215654683493,-0.0030596453977873583,-0.008546397393510641,1.0,-1.0,0.0,-0.0,0.012399215654683493,2.0027663540779894,6.062025770393257
2022-12-09,239.68927001953125,-0.008003217175717059,0.012399215654683493,-0.005713813599770056,-1.0,-1.0,0.0,0.0,-0.008003217175717059,2.0027663540779894,6.013510061628006
2022-12-12,246.6137237548828,0.028889293771003244,-0.008003217175717059,-0.007573609367667844,1.0,-1.0,0.0,0.0,0.028889293771003244,2.0027663540779894,6.187236120393261
2022-12-13,250.92076110839844,0.017464710754688362,0.028889293771003244,0.001984364136931216,1.0,1.0,1.0,0.0011676963926134931,0.017464710754688362,2.005104977124894,6.29529440960689
2022-12-14,251.21376037597656,0.0011676963926134931,0.017464710754688362,0.009538071521374137,1.0,1.0,1.0,-0.03191833836515767,0.0011676963926134931,1.94110535800736,6.302645402179428
2022-12-15,243.1954345703125,-0.03191833836515767,0.0011676963926134931,0.010383539879454307,-1.0,1.0,1.0,-0.017348602615024022,-0.03191833836515767,1.9074298925173965,6.101475433637059
2022-12-16,238.97633361816406,-0.017348602615024022,-0.03191833836515767,0.0015200290754860736,-1.0,1.0,1.0,-0.01732810277499297,-0.017348602615024022,1.8743777513037612,5.995623360973559
2022-12-19,234.8353271484375,-0.01732810277499297,-0.017348602615024022,-0.0003490480123753192,-1.0,-1.0,0.0,0.0,-0.01732810277499297,1.8743777513037612,5.89173058317446
2022-12-20,236.15382385253906,0.005614558593512342,-0.01732810277499297,-0.009592527321574562,1.0,-1.0,0.0,0.0,0.005614558593512342,1.8743777513037612,5.9248100497508815
2022-12-21,238.72239685058594,0.010876694504217577,0.005614558593512342,-0.011962557753809767,1.0,-1.0,0.0,-0.0,0.010876694504217577,1.8743777513037612,5.98925239865754
2022-12-22,232.6280975341797,-0.025528812532075174,0.010876694504217577,-0.01002075813148895,-1.0,-1.0,0.0,0.0,-0.025528812532075174,1.8743777513037612,5.836353896964931
2022-12-23,233.15548706054688,0.002267092977836338,-0.025528812532075174,-0.00874285296487245,1.0,-1.0,0.0,-0.0,0.002267092977836338,1.8743777513037612,5.849585453900907
2022-12-27,231.42681884765625,-0.007414229168201891,0.002267092977836338,-0.004819713846300378,-1.0,-1.0,0.0,-0.0,-0.007414229168201891,1.8743777513037612,5.806215286806705
2022-12-28,229.05357360839844,-0.01025484103819474,-0.007414229168201891,-0.0028369391249421618,-1.0,-1.0,0.0,0.0,-0.01025484103819474,1.8743777513037612,5.746673472006966
2022-12-29,235.3822784423828,0.027629801772070417,-0.01025484103819474,-0.006010819051283578,1.0,-1.0,0.0,-0.0,0.027629801772070417,1.8743777513037612,5.905452920887335
2022-12-30,234.2200469970703,-0.004937633593333546,0.027629801772070417,-0.0026601975977130097,-1.0,-1.0,0.0,-0.0,-0.004937633593333546,1.8743777513037612,5.876293958161312
2023-01-03,233.98565673828125,-0.0010007267174358958,-0.004937633593333546,0.0014580381900353157,-1.0,1.0,1.0,-0.043743108669323294,-0.0010007267174358958,1.792386641641119,5.870413393797873
2023-01-04,223.75039672851562,-0.043743108669323294,-0.0010007267174358958,0.0008044742509808689,-1.0,1.0,1.0,-0.02963786917168143,-0.043743108669323294,1.73926412085109,5.613623262779122
2023-01-05,217.11891174316406,-0.02963786917168143,-0.043743108669323294,-0.006461301649243412,-1.0,-1.0,0.0,0.0,-0.02963786917168143,1.73926412085109,5.447247430937766
2023-01-06,219.677734375,0.011785351222019846,-0.02963786917168143,-0.01033790727594075,1.0,-1.0,0.0,0.0,0.011785351222019846,1.73926412085109,5.511445155104613
2023-01-09,221.8165740966797,0.009736260835741195,0.011785351222019846,-0.013506797385950864,1.0,-1.0,0.0,0.0,0.009736260835741195,1.73926412085109,5.565106022716593
2023-01-10,223.50619506835938,0.0076171989336706325,0.009736260835741195,-0.010572018500135916,1.0,-1.0,0.0,0.0,0.0076171989336706325,1.73926412085109,5.607496542378594
2023-01-11,230.2646026611328,0.030238121993470424,0.0076171989336706325,-0.00884843336991461,1.0,-1.0,0.0,0.0,0.030238121993470424,1.73926412085109,5.777056706905001
2023-01-12,232.94064331054688,0.011621589330220505,0.030238121993470424,0.005947812762644134,1.0,1.0,1.0,0.003018603827931843,0.011621589330220505,1.7445142701840755,5.844195287490047
2023-01-13,233.643798828125,0.003018603827931843,0.011621589330220505,0.01419970446302452,1.0,1.0,1.0,0.004681859028949686,0.003018603827931843,1.7526818400710684,5.861836597756046
2023-01-17,234.73768615722656,0.004681859028949686,0.003018603827931843,0.01244635498420692,1.0,1.0,1.0,-0.018889259192594432,0.004681859028949686,1.7195749785118126,5.889280890357478
2023-01-18,230.3036651611328,-0.018889259192594432,0.004681859028949686,0.011435474622848617,-1.0,1.0,1.0,-0.016453920482368822,-0.018889259192594432,1.691281228551908,5.778036737161522
2023-01-19,226.51426696777344,-0.016453920482368822,-0.018889259192594432,0.006134182997595605,-1.0,1.0,1.0,0.03574360085683659,-0.016453920482368822,1.7517337097219277,5.6829653801440605
2023-01-20,234.61070251464844,0.03574360085683659,-0.016453920482368822,-0.003204225497572244,1.0,-1.0,0.0,0.0,0.03574360085683659,1.7517337097219277,5.88609502637515
2023-01-23,236.91561889648438,0.009824429819828895,0.03574360085683659,0.0016201768077509725,1.0,1.0,1.0,-0.0022262580457594883,0.009824429819828895,1.747833898456631,5.943922553874617
2023-01-24,236.38818359375,-0.0022262580457594883,0.009824429819828895,0.002981342006130383,-1.0,1.0,1.0,-0.005908105997855961,-0.0022262580457594883,1.7375075105179034,5.930689848465683
2023-01-25,234.9915771484375,-0.005908105997855961,-0.0022262580457594883,0.0015997185911885482,-1.0,1.0,1.0,0.030713731740094063,-0.005908105997855961,1.790872850092349,5.8956507042005395
2023-01-26,242.20904541015625,0.030713731740094063,-0.005908105997855961,0.0041959492301362426,1.0,1.0,1.0,0.0006452298976427073,0.030713731740094063,1.7920283747981052,6.076728138362651
2023-01-27,242.36532592773438,0.0006452298976427073,0.030713731740094063,0.01362947967462882,1.0,1.0,1.0,-0.02196163426878983,0.0006452298976427073,1.7526725030314954,6.08064902503737
2023-01-30,237.04258728027344,-0.02196163426878983,0.0006452298976427073,0.006609805482790043,-1.0,1.0,1.0,0.021012598598645127,-0.02196163426878983,1.7895007068125788,5.947108035032626
2023-01-31,242.02346801757812,0.021012598598645127,-0.02196163426878983,0.000252592665066298,1.0,1.0,1.0,0.019934557490739913,0.021012598598645127,1.8251736115322539,6.072072228995544
2023-02-01,246.8480987548828,0.019934557490739913,0.021012598598645127,0.004900363993947221,1.0,1.0,1.0,0.04688449721670995,0.019934557490739913,1.9107459586421502,6.19311630193238
2023-02-02,258.42144775390625,0.04688449721670995,0.019934557490739913,0.010068896691666395,1.0,1.0,1.0,-0.02362075892240323,0.04688449721670995,1.8656126889911078,6.48347744595309
2023-02-03,252.3173370361328,-0.02362075892240323,0.04688449721670995,0.013303049786989573,-1.0,1.0,1.0,-0.00611561448630249,-0.02362075892240323,1.854203321004484,6.3303327882233935
2023-02-06,250.77426147460938,-0.00611561448630249,-0.02362075892240323,0.008449852022980386,-1.0,1.0,1.0,0.04202171229703522,-0.00611561448630249,1.9321201194999416,6.291618913320619
2023-02-07,261.3122253417969,0.04202171229703522,-0.00611561448630249,0.011619055979477854,1.0,1.0,1.0,-0.003101716180181513,0.04202171229703522,1.9261272312632343,6.556003513178763
2023-02-08,260.501708984375,-0.003101716180181513,0.04202171229703522,0.015820878719155874,-1.0,1.0,1.0,-0.011659864200596948,-0.003101716180181513,1.9036688493136331,6.53566865100461
2023-02-09,257.46429443359375,-0.011659864200596948,-0.003101716180181513,0.011213623984971588,-1.0,1.0,1.0,-0.001972597933525222,-0.011659864200596948,1.8999136760753608,6.459463642073797
2023-02-10,256.9564208984375,-0.001972597933525222,-0.011659864200596948,-0.0004952482984897921,-1.0,-1.0,0.0,0.0,-0.001972597933525222,1.8999136760753608,6.446721717441761
2023-02-13,264.98443603515625,0.031242710762584336,-0.001972597933525222,0.0038343838992858092,1.0,1.0,1.0,0.003133014933761391,0.031242710762584336,1.9058661339953624,6.648134779426665
2023-02-14,265.81463623046875,0.003133014933761391,0.031242710762584336,0.011306048949063174,1.0,1.0,1.0,-0.007992800176895742,0.003133014933761391,1.8906329268224247,6.668963484972267
2023-02-15,263.6900329589844,-0.007992800176895742,0.003133014933761391,0.0035283094764084087,-1.0,1.0,1.0,-0.026622819377600693,-0.007992800176895742,1.8402989479022867,6.61565979244987
2023-02-16,256.66986083984375,-0.026622819377600693,-0.007992800176895742,0.002550092677065563,-1.0,1.0,1.0,-0.015601640224108815,-0.026622819377600693,1.811587265812309,6.439532276731822
2023-02-17,252.66539001464844,-0.015601640224108815,-0.026622819377600693,-0.000442498358335186,-1.0,-1.0,0.0,-0.0,-0.015601640224108815,1.811587265812309,6.339065010938716
2023-02-21,247.38807678222656,-0.02088656951439183,-0.015601640224108815,-0.0031683068164519044,-1.0,-1.0,0.0,-0.0,-0.02088656951439183,1.811587265812309,6.206663688931496
2023-02-22,246.25233459472656,-0.004590933412283227,-0.02088656951439183,-0.013594162871847138,-1.0,-1.0,0.0,0.0,-0.004590933412283227,1.811587265812309,6.178169309223175
2023-02-23,249.44418334960938,0.012961699470325216,-0.004590933412283227,-0.015138952541056062,1.0,-1.0,0.0,-0.0,0.012961699470325216,1.811587265812309,6.258248883086112
2023-02-24,244.01022338867188,-0.021784272088323342,0.012961699470325216,-0.010948052611611869,-1.0,-1.0,0.0,0.0,-0.021784272088323342,1.811587265812309,6.121917486620518
2023-02-27,244.9305419921875,0.003771639526962245,-0.021784272088323342,-0.0099803431537564,1.0,-1.0,0.0,-0.0,0.003771639526962245,1.811587265812309,6.145007152593857
2023-02-28,244.2060089111328,-0.0029581165140188936,0.003771639526962245,-0.006105687203542187,-1.0,-1.0,0.0,-0.0,-0.0029581165140188936,1.811587265812309,6.126829505457005
2023-03-01,241.1218719482422,-0.012629242730931134,-0.0029581165140188936,-0.0025199966034676,-1.0,-1.0,0.0,0.0,-0.012629242730931134,1.811587265812309,6.049452288461557
2023-03-02,245.86070251464844,0.019653258860828027,-0.012629242730931134,-0.004127658467197181,1.0,-1.0,0.0,0.0,0.019653258860828027,1.811587265812309,6.16834374025292
2023-03-03,249.95327758789062,0.016645909782993185,0.019653258860828027,-0.0027893465890966194,1.0,-1.0,0.0,0.0,0.016645909782993185,1.811587265812309,6.271021433663662
2023-03-06,251.50027465820312,0.0061891449683773025,0.016645909782993185,0.004896689785166686,1.0,1.0,1.0,-0.010589042005125227,0.0061891449683773025,1.7924042921586727,6.309833694416407
2023-03-07,248.83712768554688,-0.010589042005125227,0.0061891449683773025,0.005380190873449697,-1.0,1.0,1.0,-0.001770626185399693,-0.010589042005125227,1.7892306141841539,6.243018600380878
2023-03-08,248.3965301513672,-0.001770626185399693,-0.010589042005125227,0.0038540057752284307,-1.0,1.0,1.0,-0.005439367427128916,-0.001770626185399693,1.7794983314617387,6.231964548171106
2023-03-09,247.04541015625,-0.005439367427128916,-0.001770626185399693,0.0060257290843347185,-1.0,1.0,1.0,-0.01478292525531233,-0.005439367427128916,1.7531921406357869,6.198066603200762
2023-03-10,243.3933563232422,-0.01478292525531233,-0.005439367427128916,0.0010072038267433304,-1.0,1.0,1.0,0.021440939194698805,-0.01478292525531233,1.7907822267197826,6.106441047878198
2023-03-13,248.6119384765625,0.021440939194698805,-0.01478292525531233,-0.005278563180917772,1.0,-1.0,0.0,0.0,0.021440939194698805,1.7907822267197826,6.2373688790817665
2023-03-14,255.33834838867188,0.02705586044390018,0.021440939194698805,-0.002228204335653472,1.0,-1.0,0.0,0.0,0.02705586044390018,1.7907822267197826,6.4061262610113285
2023-03-15,259.89111328125,0.01783032169397436,0.02705586044390018,0.00530077615415161,1.0,1.0,1.0,0.04053657349738948,0.01783032169397436,1.863374402071028,6.520349553057378
2023-03-16,270.42620849609375,0.04053657349738948,0.01783032169397436,0.00922096573002642,1.0,1.0,1.0,0.011694299476173287,0.04053657349738948,1.885165260365082,6.784662181943559
2023-03-17,273.5886535644531,0.011694299476173287,0.04053657349738948,0.0184161539149301,1.0,1.0,1.0,-0.025766783161049522,0.011694299476173287,1.8365906158785115,6.864004053343874
2023-03-20,266.5391540527344,-0.025766783161049522,0.011694299476173287,0.023711598861227222,-1.0,1.0,1.0,0.00569386950127404,-0.025766783161049522,1.8470479231725883,6.687140749284797
2023-03-21,268.0567932128906,0.00569386950127404,-0.025766783161049522,0.014270054390077558,1.0,1.0,1.0,-0.005442362744110252,0.00569386950127404,1.8369956183689276,6.725216456047876
2023-03-22,266.5979309082031,-0.005442362744110252,0.00569386950127404,0.00999765620155233,-1.0,1.0,1.0,0.01972165142817306,-0.005442362744110252,1.8732242056294808,6.688615388561404
2023-03-23,271.8556823730469,0.01972165142817306,-0.005442362744110252,0.0053431193139354075,1.0,1.0,1.0,0.01048038277683827,0.01972165142817306,1.8928563123313165,6.820525929791726
2023-03-24,274.704833984375,0.01048038277683827,0.01972165142817306,0.0011801349000921224,1.0,1.0,1.0,-0.014933908998561174,0.01048038277683827,1.8645885684156085,6.892007652275295
2023-03-27,270.6024169921875,-0.014933908998561174,0.01048038277683827,0.0009373515602251192,-1.0,1.0,1.0,-0.004160661321063297,-0.014933908998561174,1.856830646879305,6.789083037178828
2023-03-28,269.4765319824219,-0.004160661321063297,-0.014933908998561174,0.003103926392722789,-1.0,1.0,1.0,0.019183581993038157,-0.004160661321063297,1.8924513098409002,6.7608359619805505
2023-03-29,274.64605712890625,0.019183581993038157,-0.004160661321063297,0.0011330202282553215,1.0,1.0,1.0,0.01262000252900064,0.019183581993038157,1.916334050157103,6.890533012998685
2023-03-30,278.1120910644531,0.01262000252900064,0.019183581993038157,0.006058209175685003,1.0,1.0,1.0,0.014962180587516194,0.01262000252900064,1.9450065862815598,6.977491557048891
2023-03-31,282.27325439453125,0.014962180587516194,0.01262000252900064,0.004637879395850519,1.0,1.0,1.0,-0.003711431824103495,0.014962180587516194,1.9377878269391435,7.081890045773326
2023-04-03,281.2256164550781,-0.003711431824103495,0.014962180587516194,0.005534238957986104,-1.0,1.0,1.0,-0.00017395171304457335,-0.003711431824103495,1.9374507454271306,7.055606093682641
2023-04-04,281.17669677734375,-0.00017395171304457335,-0.003711431824103495,0.00777873439287764,-1.0,1.0,1.0,-0.009889296233675515,-0.00017395171304457335,1.9182907210674462,7.054378758916077
2023-04-05,278.39605712890625,-0.009889296233675515,-0.00017395171304457335,0.008576076314481384,-1.0,1.0,1.0,0.025532634649210628,-0.009889296233675515,1.967269737199432,6.984615917624608
2023-04-06,285.5042419433594,0.025532634649210628,-0.009889296233675515,0.00276150066913865,1.0,1.0,1.0,-0.007578829046701707,0.025532634649210628,1.9523601361724479,7.162951564014378
2023-04-10,283.3404541015625,-0.007578829046701707,0.025532634649210628,0.0053440270931806476,-1.0,1.0,1.0,-0.022668318164683066,-0.007578829046701707,1.908103415433647,7.108664778640908
2023-04-11,276.9176025390625,-0.022668318164683066,-0.007578829046701707,0.0008358251663370675,-1.0,1.0,1.0,0.002333471015543598,-0.022668318164683066,1.9125559194482211,6.9475233037126
2023-04-12,277.56378173828125,0.002333471015543598,-0.022668318164683066,-0.002955552101778847,1.0,-1.0,0.0,0.0,0.002333471015543598,1.9125559194482211,6.963735147971628
2023-04-13,283.7810363769531,0.02239937285670157,0.002333471015543598,-0.0024540675560612126,1.0,-1.0,0.0,-0.0,0.02239937285670157,1.9125559194482211,7.1197184480263624
2023-04-14,280.1583557128906,-0.012765760215388111,0.02239937285670157,0.004003666262014205,-1.0,1.0,1.0,0.009296173330752389,-0.012765760215388111,1.9303353707801683,7.0288298295177825
2023-04-17,282.76275634765625,0.009296173330752389,-0.012765760215388111,-0.003656012710905543,1.0,-1.0,0.0,-0.0,0.009296173330752389,1.9303353707801683,7.094171049925342
2023-04-18,282.3417663574219,-0.0014888452626228288,0.009296173330752389,-0.00028101223541472377,-1.0,-1.0,0.0,0.0,-0.0014888452626228288,1.9303353707801683,7.083608926965425
2023-04-19,282.42010498046875,0.0002774602711370644,-0.0014888452626228288,0.003954882344997324,1.0,1.0,1.0,-0.00811240820795256,0.0002774602711370644,1.91467570227415,7.08557434701893
2023-04-20,280.1289978027344,-0.00811240820795256,0.0002774602711370644,0.003543680196116017,-1.0,1.0,1.0,-0.0012233002918424773,-0.00811240820795256,1.9123334789287745,7.028093275528116
2023-04-21,279.78631591796875,-0.0012233002918424773,-0.00811240820795256,-0.0025586760168148093,-1.0,-1.0,0.0,-0.0,-0.0012233002918424773,1.9123334789287745,7.019495806973066
2023-04-24,275.8797302246094,-0.01396274753660487,-0.0012233002918424773,-0.0002501840321056825,-1.0,-1.0,0.0,-0.0,-0.01396274753660487,1.9123334789287745,6.921484359186045
2023-04-25,269.6624755859375,-0.022536105257207728,-0.01396274753660487,-0.004901968205577134,-1.0,-1.0,0.0,0.0,-0.022536105257207728,1.9123334789287745,6.765501059131311
2023-04-26,289.1954040527344,0.07243472946821639,-0.022536105257207728,-0.009111420204494115,1.0,-1.0,0.0,0.0,0.07243472946821639,1.9123334789287745,7.255558298066419
2023-04-27,298.4576721191406,0.03202771529770687,0.07243472946821639,0.005320033634921751,1.0,1.0,1.0,0.00797179019211014,0.03202771529770687,1.9275782002001427,7.487937253562805
2023-04-28,300.8369140625,0.00797179019211014,0.03202771529770687,0.013348058336053636,1.0,1.0,1.0,-0.00553286404788722,0.00797179019211014,1.9169131720767643,7.547629518319893
2023-05-01,299.17242431640625,-0.00553286404788722,0.00797179019211014,0.01518707643284416,-1.0,1.0,1.0,-0.0004908560214834656,-0.00553286404788722,1.9159722437035893,7.505869510311209
2023-05-02,299.02557373046875,-0.0004908560214834656,-0.00553286404788722,0.01687305313058769,-1.0,1.0,1.0,-0.0033071489732581227,-0.0004908560214834656,1.909635838065034,7.502185209065604
2023-05-03,298.0366516113281,-0.0033071489732581227,-0.0004908560214834656,0.02128210297773254,-1.0,1.0,1.0,0.003318122498672693,-0.0033071489732581227,1.9159722437035893,7.47737436495425
2023-05-04,299.02557373046875,0.003318122498672693,-0.0033071489732581227,0.006133727289437641,1.0,1.0,1.0,0.017157372528568304,0.003318122498672693,1.9488452932432088,7.502185209065603
2023-05-05,304.15606689453125,0.017157372528568304,0.003318122498672693,0.00039180872963080483,1.0,1.0,1.0,-0.00643811230846747,0.017157372528568304,1.9362984083734807,7.630902995475856
2023-05-08,302.1978759765625,-0.00643811230846747,0.017157372528568304,0.0022289251969224376,-1.0,1.0,1.0,-0.005346066921015247,-0.00643811230846747,1.9259468275032607,7.581774384975962
2023-05-09,300.5823059082031,-0.005346066921015247,-0.00643811230846747,0.0020478755448063877,-1.0,1.0,1.0,0.017296545878914937,-0.005346066921015247,1.9592590551655216,7.541241711733841
2023-05-10,305.7813415527344,0.017296545878914937,-0.005346066921015247,0.0010768333649000318,1.0,1.0,1.0,-0.007044222149987789,0.017296545878914937,1.9454575991315604,7.671679144984832
2023-05-11,303.6273498535156,-0.007044222149987789,0.017296545878914937,0.005197572335334644,-1.0,1.0,1.0,-0.003676353449768799,-0.007044222149987789,1.938305409375614,7.617638132824131
2023-05-12,302.5111083984375,-0.003676353449768799,-0.007044222149987789,0.0031251034056025474,-1.0,1.0,1.0,0.0015860487432062254,-0.003676353449768799,1.9413796562341041,7.589633002595432
2023-05-15,302.99090576171875,0.0015860487432062254,-0.003676353449768799,-0.0010416417900648734,1.0,-1.0,0.0,0.0,0.0015860487432062254,1.9413796562341041,7.601670530480595
2023-05-16,305.2232360839844,0.007367647938651967,0.0015860487432062254,0.0005631904202698657,1.0,1.0,1.0,0.009451430302587882,0.007367647938651967,1.9597284707458629,7.657676962694802
2023-05-17,308.1080322265625,0.009451430302587882,0.007367647938651967,0.0031059333922033084,1.0,1.0,1.0,0.014394987204940035,0.009451430302587882,1.9879387370074062,7.730052962787444
2023-05-18,312.5432434082031,0.014394987204940035,0.009451430302587882,0.0015369102769378974,1.0,1.0,1.0,-0.0005650585265690733,0.014394987204940035,1.9868154352737633,7.841326976280278
2023-05-19,312.36663818359375,-0.0005650585265690733,0.014394987204940035,0.005824752147923462,-1.0,1.0,1.0,0.008921287697972735,-0.0005650585265690733,2.0045403873746133,7.836896167612715
2023-05-22,315.1533508300781,0.008921287697972735,-0.0005650585265690733,0.006447011132563407,1.0,1.0,1.0,-0.01843207260230395,0.008921287697972735,1.9675925534202738,7.906811372983128
2023-05-23,309.34442138671875,-0.01843207260230395,0.008921287697972735,0.00791405892351671,-1.0,1.0,1.0,-0.0044726051087357055,-0.01843207260230395,1.958792288913936,7.761072451703581
2023-05-24,307.9608459472656,-0.0044726051087357055,-0.01843207260230395,0.0027541148153255256,-1.0,1.0,1.0,0.03845792909330159,-0.0044726051087357055,2.034123383869494,7.726360239406823
2023-05-25,319.80438232421875,0.03845792909330159,-0.0044726051087357055,-3.0692266939191803e-05,1.0,-1.0,0.0,0.0,0.03845792909330159,2.034123383869494,8.023500053643236
2023-05-26,326.6436462402344,0.02138577297256039,0.03845792909330159,0.00478189611073312,1.0,1.0,1.0,-0.005046779737279294,0.02138577297256039,2.0238576111926556,8.195088804235777
2023-05-30,324.9951477050781,-0.005046779737279294,0.02138577297256039,0.009172062410559012,-1.0,1.0,1.0,-0.00851424971507897,-0.005046779737279294,2.006625982103198,8.153729996113356
2023-05-31,322.2280578613281,-0.00851424971507897,-0.005046779737279294,0.0063784489235086065,-1.0,1.0,1.0,0.012759063106693613,-0.00851424971507897,2.0322286496403836,8.084307102817117
2023-06-01,326.3393859863281,0.012759063106693613,-0.00851424971507897,0.008362013500953603,1.0,1.0,1.0,0.008479271826061563,0.012759063106693613,2.0494604687733946,8.187455287315853
2023-06-02,329.10650634765625,0.008479271826061563,0.012759063106693613,0.011808347144039466,1.0,1.0,1.0,0.0016100462882513433,0.008479271826061563,2.052760194994061,8.256878946260729
2023-06-05,329.6363830566406,0.0016100462882513433,0.008479271826061563,0.005812615690591461,1.0,1.0,1.0,-0.006727383401880727,0.0016100462882513433,2.0389504901302167,8.270172903560697
2023-06-06,327.4187927246094,-0.006727383401880727,0.0016100462882513433,0.001857470353729651,-1.0,1.0,1.0,-0.030867960889410462,-0.006727383401880727,1.9760122461454328,8.2145362796386
2023-06-07,317.3120422363281,-0.030867960889410462,-0.006727383401880727,0.0015213496208093646,-1.0,1.0,1.0,0.005813604014202722,-0.030867960889410462,1.9874999988717377,7.9609702950340715
2023-06-08,319.1567687988281,0.005813604014202722,-0.030867960889410462,-0.0029493926140569337,1.0,-1.0,0.0,0.0,0.005813604014202722,1.9874999988717377,8.00725222389823
2023-06-09,320.6581115722656,0.004704091907835606,0.005813604014202722,-0.004338484432555112,1.0,-1.0,0.0,0.0,0.004704091907835606,1.9874999988717377,8.04491907428867
2023-06-12,325.6231384277344,0.015483864827632088,0.004704091907835606,-0.005093520416200303,1.0,-1.0,0.0,0.0,0.015483864827632088,1.9874999988717377,8.169485513784194
2023-06-13,328.01739501953125,0.007352845388560292,0.015483864827632088,-0.0023187567083241545,1.0,-1.0,0.0,0.0,0.007352845388560292,1.9874999988717377,8.229554477671131
2023-06-14,331.0101318359375,0.009123713747644535,0.007352845388560292,0.0004972890497640492,1.0,1.0,1.0,0.031896623254973555,0.009123713747644535,2.05089453755501,8.30463857699605
2023-06-15,341.5682373046875,0.031896623254973555,0.009123713747644535,0.008495623977175048,1.0,1.0,1.0,-0.016575730837092073,0.031896623254973555,2.0168994617252354,8.569528504955212
2023-06-16,335.906494140625,-0.016575730837092073,0.031896623254973555,0.013712227825329215,-1.0,1.0,1.0,-0.012502516584016132,-0.016575730837092073,1.9916831427567223,8.427482307056286
2023-06-20,331.7068176269531,-0.012502516584016132,-0.016575730837092073,0.00945626327634368,-1.0,1.0,1.0,-0.013282095768392788,-0.012502516584016132,1.965229416514334,8.322117569750812
2023-06-21,327.3010559082031,-0.013282095768392788,-0.012502516584016132,0.003858986994014035,-1.0,1.0,1.0,0.018437480798370043,-0.013282095768392788,2.001463296145709,8.211582407193557
2023-06-22,333.3356628417969,0.018437480798370043,-0.013282095768392788,-0.00026800123737658055,1.0,-1.0,0.0,-0.0,0.018437480798370043,2.001463296145709,8.362983300150422
2023-06-23,328.7336730957031,-0.013805872755588977,0.018437480798370043,0.001594752172768521,-1.0,1.0,1.0,-0.01916320590199816,-0.013805872755588977,1.963108842896377,8.24752501685143
2023-06-26,322.43408203125,-0.01916320590199816,-0.013805872755588977,-0.007545747029343986,-1.0,-1.0,0.0,0.0,-0.01916320590199816,1.963108842896377,8.089475996771625
2023-06-27,328.29217529296875,0.018168343820275767,-0.01916320590199816,-0.008063242042325202,1.0,-1.0,0.0,0.0,0.018168343820275767,1.963108842896377,8.236448378006841
2023-06-28,329.5480651855469,0.003825524904629063,0.018168343820275767,-0.0019290699614668227,1.0,-1.0,0.0,-0.0,0.003825524904629063,1.963108842896377,8.267957116402599
2023-06-29,328.7630615234375,-0.0023820612075734493,0.003825524904629063,0.0014924541731375473,-1.0,1.0,1.0,0.01638582637111541,-0.0023820612075734493,1.9952760035436783,8.248262336489736
2023-06-30,334.1501159667969,0.01638582637111541,-0.0023820612075734493,-0.002671454228051151,1.0,-1.0,0.0,-0.0,0.01638582637111541,1.9952760035436783,8.383416930998868
2023-07-03,331.6479187011719,-0.007488242996371186,0.01638582637111541,0.003366885597289726,-1.0,1.0,1.0,0.00047343260909959994,-0.007488242996371186,1.9962206322679097,8.320639867879656
2023-07-05,331.804931640625,0.00047343260909959994,-0.007488242996371186,0.005701878178415121,1.0,1.0,1.0,0.009226601514414678,0.00047343260909959994,2.0146389645766987,8.324579130121684
2023-07-06,334.8663635253906,0.009226601514414678,0.00047343260909959994,0.0021628959361798873,1.0,1.0,1.0,-0.011867508874818022,0.009226601514414678,1.9907302187850304,8.40138670453053
2023-07-07,330.892333984375,-0.011867508874818022,0.009226601514414678,0.0032431112581370104,-1.0,1.0,1.0,-0.0159835022337651,-0.011867508874818022,1.9589113778862561,8.301683173253736
2023-07-10,325.603515625,-0.0159835022337651,-0.011867508874818022,0.0013460217246880958,-1.0,1.0,1.0,0.0019286976108068288,-0.0159835022337651,1.9626895255805676,8.168993201710025
2023-07-11,326.23150634765625,0.0019286976108068288,-0.0159835022337651,-0.005127843996288006,1.0,-1.0,0.0,0.0,0.0019286976108068288,1.9626895255805676,8.18474871938086
2023-07-12,330.87274169921875,0.014226815194901654,0.0019286976108068288,-0.0032444558748524034,1.0,-1.0,0.0,0.0,0.014226815194901654,1.9626895255805676,8.3011916268282
2023-07-13,336.23028564453125,0.016192158706693327,0.014226815194901654,-0.0004937793576919924,1.0,-1.0,0.0,0.0,0.016192158706693327,1.9626895255805676,8.435605839104475
2023-07-14,338.7618408203125,0.00752923006601991,0.016192158706693327,0.0008993320807637373,1.0,1.0,1.0,0.0014195695563858912,0.00752923006601991,1.9654756998797194,8.499119456213354
2023-07-17,339.24273681640625,0.0014195695563858912,0.00752923006601991,0.004778679868931324,1.0,1.0,1.0,0.03979946215946195,0.0014195695563858912,2.0437005756224242,8.511184547449481
2023-07-18,352.7444152832031,0.03979946215946195,0.0014195695563858912,0.008259294226961523,1.0,1.0,1.0,-0.012267179202834488,0.03979946215946195,2.018630134424328,8.849925114777895
2023-07-19,348.417236328125,-0.012267179202834488,0.03979946215946195,0.015833447136692547,-1.0,1.0,1.0,-0.023121615116349914,-0.012267179202834488,1.971956145393903,8.741361497463249
2023-07-20,340.36126708984375,-0.023121615116349914,-0.012267179202834488,0.010534648257145318,-1.0,1.0,1.0,-0.008937001287012802,-0.023121615116349914,1.9543327707845848,8.539247101326023
2023-07-21,337.3194580078125,-0.008937001287012802,-0.023121615116349914,0.00267189349253667,-1.0,1.0,1.0,0.0038980270478892187,-0.008937001287012802,1.9619508127856793,8.462931838991352
2023-07-24,338.63433837890625,0.0038980270478892187,-0.008937001287012802,-0.0006213527780698725,1.0,-1.0,0.0,0.0,0.0038980270478892187,1.9619508127856793,8.495920576204183
2023-07-25,344.3941650390625,0.017008985821489464,0.0038980270478892187,-0.00012566127976920693,1.0,-1.0,0.0,-0.0,0.017008985821489464,1.9619508127856793,8.640427568825341
2023-07-26,331.4319763183594,-0.037637654863382775,0.017008985821489464,-0.0046837565473637046,-1.0,-1.0,0.0,-0.0,-0.037637654863382775,1.9619508127856793,8.315222138117836
2023-07-27,324.51434326171875,-0.02087195427998123,-0.037637654863382775,-0.009757851679473361,-1.0,-1.0,0.0,0.0,-0.02087195427998123,1.9619508127856793,8.141667201823152
2023-07-28,332.020751953125,0.02313120774865829,-0.02087195427998123,-0.009307919512199624,1.0,-1.0,0.0,-0.0,0.02313120774865829,1.9619508127856793,8.32999379728896
2023-07-31,329.6167297363281,-0.007240578194751768,0.02313120774865829,-0.002894277705065407,-1.0,-1.0,0.0,0.0,-0.007240578194751768,1.9619508127856793,8.269679825837892
2023-08-01,330.0288391113281,0.0012502683808848225,-0.007240578194751768,-0.005121998753593604,1.0,-1.0,0.0,-0.0,0.0012502683808848225,1.9619508127856793,8.280019145044179
2023-08-02,321.3547058105469,-0.02628295552636606,0.0012502683808848225,-0.008273742241714533,-1.0,-1.0,0.0,-0.0,-0.02628295552636606,1.9619508127856793,8.062395770097522
2023-08-03,320.530517578125,-0.0025647305532465747,-0.02628295552636606,-0.0060028023743111895,-1.0,-1.0,0.0,0.0,-0.0025647305532465747,1.9619508127856793,8.041717897333587
2023-08-04,321.6295166015625,0.003428687638672656,-0.0025647305532465747,-0.002341357628964258,1.0,-1.0,0.0,0.0,0.003428687638672656,1.9619508127856793,8.069290436081868
2023-08-07,323.9158020019531,0.007108443977866807,0.003428687638672656,-0.006281861650961384,1.0,-1.0,0.0,-0.0,0.007108443977866807,1.9619508127856793,8.126650535087892
2023-08-08,319.93194580078125,-0.012299048631001508,0.007108443977866807,-0.0034120572164376695,-1.0,-1.0,0.0,-0.0,-0.012299048631001508,1.9619508127856793,8.026700464949691
2023-08-09,316.1836853027344,-0.011715805649432975,-0.012299048631001508,-0.006121920618814935,-1.0,-1.0,0.0,0.0,-0.011715805649432975,1.9619508127856793,7.932661202296127
2023-08-10,316.8704833984375,0.002172149062800388,-0.011715805649432975,-0.003208490643428319,1.0,-1.0,0.0,-0.0,0.002172149062800388,1.9619508127856793,7.949892124892208
2023-08-11,314.98651123046875,-0.00594555904280869,0.002172149062800388,-0.0022611147202189264,-1.0,-1.0,0.0,0.0,-0.00594555904280869,1.9619508127856793,7.902625571879701
2023-08-14,317.959716796875,0.009439152028420716,-0.00594555904280869,-0.004135964056515196,1.0,-1.0,0.0,-0.0,0.009439152028420716,1.9619508127856793,7.977219656076359
2023-08-15,315.8205871582031,-0.006727675003052158,0.009439152028420716,-0.003669822446404414,-1.0,-1.0,0.0,-0.0,-0.006727675003052158,1.9619508127856793,7.923551514802318
2023-08-16,315.05364990234375,-0.002428395383468729,-0.006727675003052158,-0.002555547720814544,-1.0,-1.0,0.0,-0.0,-0.002428395383468729,1.9619508127856793,7.904309998883095
2023-08-17,311.5923767089844,-0.010986297712888726,-0.002428395383468729,-0.0006980656676216946,-1.0,-1.0,0.0,-0.0,-0.010986297712888726,1.9619508127856793,7.817470896020402
2023-08-18,311.1990661621094,-0.001262259850607128,-0.010986297712888726,-0.0033297550227595176,-1.0,-1.0,0.0,0.0,-0.001262259850607128,1.9619508127856793,7.807603216375066
2023-08-21,316.5088806152344,0.017062436975177286,-0.001262259850607128,-0.002393095184319205,1.0,-1.0,0.0,0.0,0.017062436975177286,1.9619508127856793,7.940819954181657
2023-08-22,317.0792236328125,0.0018019810896601207,0.017062436975177286,-0.000868438194967891,1.0,-1.0,0.0,0.0,0.0018019810896601207,1.9619508127856793,7.9551291615754876
2023-08-23,321.54351806640625,0.014079429053868164,0.0018019810896601207,0.0008374930235745647,1.0,1.0,1.0,-0.021498551014593525,0.014079429053868164,1.9197717131488832,8.067132838220248
2023-08-24,314.63079833984375,-0.021498551014593525,0.014079429053868164,0.004139057911041943,-1.0,1.0,1.0,0.00940714592356695,-0.021498551014593525,1.9378312857944109,7.893701171356267
2023-08-25,317.590576171875,0.00940714592356695,-0.021498551014593525,0.0020366072507009836,1.0,1.0,1.0,0.0022293098902179675,0.00940714592356695,1.9421513122454062,7.967958370152247
2023-08-28,318.298583984375,0.0022293098902179675,0.00940714592356695,0.004170488405535799,1.0,1.0,1.0,0.014550324410105953,0.0022293098902179675,1.9704102438920899,7.985721418551672
2023-08-29,322.929931640625,0.014550324410105953,0.0022293098902179675,0.0012038629885439355,1.0,1.0,1.0,0.0011571790271720506,0.014550324410105953,1.9726903613012468,8.101916255840331
2023-08-30,323.3036193847656,0.0011571790271720506,0.014550324410105953,0.003753531652633102,1.0,1.0,1.0,-0.003132618394936837,0.0011571790271720506,1.9665106751879198,8.111291623411494
2023-08-31,322.29083251953125,-0.003132618394936837,0.0011571790271720506,0.0011690816472938793,-1.0,1.0,1.0,0.0027458079510067623,-0.003132618394936837,1.9719103358355905,8.085882042065299
2023-09-01,323.17578125,0.0027458079510067623,-0.003132618394936837,0.0048422681712252166,1.0,1.0,1.0,0.014878623100818222,0.0027458079510067623,2.0012496465110963,8.108084321267304
2023-09-05,327.98419189453125,0.014878623100818222,0.0027458079510067623,0.003510000576713179,1.0,1.0,1.0,-0.0020087675272852934,0.014878623100818222,1.9972296012071935,8.228721451953094
2023-09-06,327.3253479003906,-0.0020087675272852934,0.014878623100818222,0.0060398632188332305,-1.0,1.0,1.0,-0.008922134178000918,-0.0020087675272852934,1.9794100507209476,8.212191863509334
2023-09-07,324.4049072265625,-0.008922134178000918,-0.0020087675272852934,0.002728044831354981,-1.0,1.0,1.0,0.013215774075502562,-0.008922134178000918,2.0055694867540548,8.138921585807616
2023-09-08,328.6921691894531,0.013215774075502562,-0.008922134178000918,0.0007121821903203873,1.0,1.0,1.0,0.010979255072960381,0.013215774075502562,2.0275891457156736,8.24648373470388
2023-09-11,332.30096435546875,0.010979255072960381,0.013215774075502562,0.003981860684408267,1.0,1.0,1.0,-0.018257779204723268,0.010979255072960381,1.9905698707753035,8.337023983082211
2023-09-12,326.23388671875,-0.018257779204723268,0.010979255072960381,0.005628550108798991,-1.0,1.0,1.0,0.012930644173936967,-0.018257779204723268,2.0163092214776586,8.184808439974613
2023-09-13,330.4523010253906,0.012930644173936967,-0.018257779204723268,-0.0009987303523093071,1.0,-1.0,0.0,0.0,0.012930644173936967,2.0163092214776586,8.290643285543762
2023-09-14,333.04827880859375,0.007855832067586777,0.012930644173936967,0.001989151987935145,1.0,1.0,1.0,-0.025037096848385176,0.007855832067586777,1.9658266922232304,8.35577318692726
2023-09-15,324.709716796875,-0.025037096848385176,0.007855832067586777,0.005344745237052684,-1.0,1.0,1.0,-0.0035125649336734677,-0.025037096848385176,1.9589215983184478,8.146568884403022
2023-09-18,323.56915283203125,-0.0035125649336734677,-0.025037096848385176,-0.002305828947724864,-1.0,-1.0,0.0,-0.0,-0.0035125649336734677,1.9589215983184478,8.117953532209913
2023-09-19,323.1659240722656,-0.0012461903622035253,-0.0035125649336734677,-0.005204192949051634,-1.0,-1.0,0.0,-0.0,-0.0012461903622035253,1.9589215983184478,8.107837016757257
2023-09-20,315.4173889160156,-0.02397695604353789,-0.0012461903622035253,-0.0018018751805476852,-1.0,-1.0,0.0,-0.0,-0.02397695604353789,1.9589215983184478,7.913435764998299
2023-09-21,314.1980895996094,-0.003865669298057983,-0.02397695604353789,-0.009183395224042656,-1.0,-1.0,0.0,-0.0,-0.003865669298057983,1.9589215983184478,7.882845039319391
2023-09-22,311.7201843261719,-0.007886442838004437,-0.003865669298057983,-0.011527695497171609,-1.0,-1.0,0.0,0.0,-0.007886442838004437,1.9589215983184478,7.820677432515952
2023-09-25,312.2413635253906,0.001671945627599758,-0.007886442838004437,-0.00809756469509546,1.0,-1.0,0.0,-0.0,0.001671945627599758,1.9589215983184478,7.833753179954115
2023-09-26,306.93145751953125,-0.017005773821595516,0.001671945627599758,-0.007060662582840815,-1.0,-1.0,0.0,0.0,-0.017005773821595516,1.9589215983184478,7.700534145201611
2023-09-27,307.57061767578125,0.0020824198386681925,-0.017005773821595516,-0.010212579274719214,1.0,-1.0,0.0,0.0,0.0020824198386681925,1.9589215983184478,7.71656989027392
2023-09-28,308.4064025878906,0.0027173756661971193,0.0020824198386681925,-0.005000704098277997,1.0,-1.0,0.0,0.0,0.0027173756661971193,1.9589215983184478,7.73753870952026
2023-09-29,310.4811706542969,0.006727383248196217,0.0027173756661971193,-0.0036840951054269767,1.0,-1.0,0.0,0.0,0.006727383248196217,1.9589215983184478,7.789592097816956
2023-10-02,316.43023681640625,0.01916079532157311,0.006727383248196217,-0.0007613298881868457,1.0,-1.0,0.0,-0.0,0.01916079532157311,1.9589215983184478,7.93884687764177
2023-10-03,308.1606140136719,-0.026134110589224213,0.01916079532157311,0.0027364400506078245,-1.0,1.0,1.0,0.017773265026752805,-0.026134110589224213,1.9937380310519919,7.731372175390562
2023-10-04,313.63763427734375,0.017773265026752805,-0.026134110589224213,0.0009107726970820851,1.0,1.0,1.0,0.0012540285472475432,0.017773265026752805,1.996238235458664,7.868783902084241
2023-10-05,314.03094482421875,0.0012540285472475432,0.017773265026752805,0.004048941734699008,1.0,1.0,1.0,0.02473701590431099,0.0012540285472475432,2.0456192124379986,7.878651581729576
2023-10-06,321.79913330078125,0.02473701590431099,0.0012540285472475432,0.0037562723109090925,1.0,1.0,1.0,0.007822497604012879,0.02473701590431099,2.0616210638260175,8.073545911211346
2023-10-09,324.31640625,0.007822497604012879,0.02473701590431099,0.007358198842132046,1.0,1.0,1.0,-0.00433557286961761,0.007822497604012879,2.0526827554742613,8.136701204757685
2023-10-10,322.9103088378906,-0.00433557286961761,0.007822497604012879,0.00509053929862,-1.0,1.0,1.0,0.012271946508523479,-0.00433557286961761,2.07787316844841,8.101423943766152
2023-10-11,326.873046875,0.012271946508523479,-0.00433557286961761,0.00945024684254132,1.0,1.0,1.0,-0.003790317521017661,0.012271946508523479,2.069997369371588,8.200844185046922
2023-10-12,325.63409423828125,-0.003790317521017661,0.012271946508523479,0.008349983138895456,-1.0,1.0,1.0,-0.01035745875169558,-0.003790317521017661,2.0485574570022034,8.169760381645203
2023-10-13,322.2613525390625,-0.01035745875169558,-0.003790317521017661,0.0073411139252424155,-1.0,1.0,1.0,0.01498182741059062,-0.01035745875169558,2.079248591263689,8.085142425481076
2023-10-16,327.08941650390625,0.01498182741059062,-0.01035745875169558,0.0003222189940411013,1.0,1.0,1.0,-0.0017437847462405953,0.01498182741059062,2.075622829286601,8.206272633889677
2023-10-17,326.51904296875,-0.0017437847462405953,0.01498182741059062,0.0017540849553566496,-1.0,1.0,1.0,-0.005872492003272001,-0.0017437847462405953,2.0634337508198066,8.191962660847208
2023-10-18,324.6015625,-0.005872492003272001,-0.0017437847462405953,0.0022724425800320523,-1.0,1.0,1.0,0.0036654763050856243,-0.005872492003272001,2.0709972183405507,8.14385542563028
2023-10-19,325.7913818359375,0.0036654763050856243,-0.005872492003272001,-0.0013564451223270434,1.0,-1.0,0.0,-0.0,0.0036654763050856243,2.0709972183405507,8.173706534724971
2023-10-20,321.2189636230469,-0.014034804073464469,0.0036654763050856243,0.00013471364289361354,-1.0,1.0,1.0,0.008112332259422539,-0.014034804073464469,2.087797835884069,8.05899016495611
2023-10-23,323.8247985839844,0.008112332259422539,-0.014034804073464469,-0.000600755421460164,1.0,-1.0,0.0,0.0,0.008112332259422539,2.087797835884069,8.124367370849653
2023-10-24,325.01458740234375,0.003674174502885652,0.008112332259422539,-0.00197465445169378,1.0,-1.0,0.0,0.0,0.003674174502885652,2.087797835884069,8.154217714295704
2023-10-25,334.98541259765625,0.030678085174587366,0.003674174502885652,-0.0008910626018685308,1.0,-1.0,0.0,-0.0,0.030678085174587366,2.087797835884069,8.404373499866997
2023-10-26,322.4186096191406,-0.037514478260608164,0.030678085174587366,0.006419052833703342,-1.0,1.0,1.0,0.005855648260915558,-0.037514478260608164,2.100023245650907,8.089087812912206
2023-10-27,324.30657958984375,0.005855648260915558,-0.037514478260608164,-0.001816938079435415,1.0,-1.0,0.0,0.0,0.005855648260915558,2.100023245650907,8.136454665896279
2023-10-30,331.6814270019531,0.02274035704559707,0.005855648260915558,0.0021611523874405904,1.0,1.0,1.0,0.0023718003628270257,0.02274035704559707,2.105004081546887,8.321480550084075
2023-10-31,332.4681091308594,0.0023718003628270257,0.02274035704559707,0.005086757344675496,1.0,1.0,1.0,0.023542645866215572,0.0023718003628270257,2.1545614471856838,8.341217440672024
2023-11-01,340.2952880859375,0.023542645866215572,0.0023718003628270257,0.004826282516663771,1.0,1.0,1.0,0.0065016883099646705,0.023542645866215572,2.1685697341599517,8.537591768970866
2023-11-02,342.5077819824219,0.0065016883099646705,0.023542645866215572,0.0033991946549894124,1.0,1.0,1.0,0.012861463589792566,0.0065016883099646705,2.196460714837776,8.593100529570435
2023-11-03,346.9129333496094,0.012861463589792566,0.0065016883099646705,0.01220242796910398,1.0,1.0,1.0,0.010572728225191508,0.012861463589792566,2.219683297033066,8.703620379154932
2023-11-06,350.58074951171875,0.010572728225191508,0.012861463589792566,0.01360359103487938,1.0,1.0,1.0,0.011219177164007554,0.010572728225191508,2.2445863171904685,8.795641391998975
2023-11-07,354.51397705078125,0.011219177164007554,0.010572728225191508,0.011170065270798269,1.0,1.0,1.0,0.0074058808713031166,0.011219177164007554,2.261209456060938,8.89432125104689
2023-11-08,357.13946533203125,0.0074058808713031166,0.011219177164007554,0.012939540631034373,1.0,1.0,1.0,-0.006910856648516539,0.0074058808713031166,2.2455825616578307,8.960191534663243
2023-11-09,354.67132568359375,-0.006910856648516539,0.0074058808713031166,0.009712187632051884,-1.0,1.0,1.0,0.024896681859287728,-0.006910856648516539,2.30149011628419,8.898268935423934
2023-11-10,363.50146484375,0.024896681859287728,-0.006910856648516539,0.007029678640355641,1.0,1.0,1.0,-0.0080882589989133,0.024896681859287728,2.2828750681402443,9.119806306207566
2023-11-13,360.5613708496094,-0.0080882589989133,0.024896681859287728,0.009436722294254674,-1.0,1.0,1.0,0.009790624107322232,-0.0080882589989133,2.305225839816383,9.046042950783036
2023-11-14,364.09149169921875,0.009790624107322232,-0.0080882589989133,0.005704524849433712,1.0,1.0,1.0,0.0004059326686531861,0.009790624107322232,2.3061616062933883,9.134609356972845
2023-11-15,364.2392883300781,0.0004059326686531861,0.009790624107322232,0.0054188142380966475,1.0,1.0,1.0,0.017583166302106656,0.0004059326686531861,2.3467112293363783,9.138317393326226
2023-11-16,370.6437683105469,0.017583166302106656,0.0004059326686531861,0.004018824597566662,1.0,1.0,1.0,-0.016800882319885413,0.017583166302106656,2.307284410133544,9.298997947774515
2023-11-17,364.4166259765625,-0.016800882319885413,0.017583166302106656,0.0089176291876913,-1.0,1.0,1.0,0.020521632491999897,-0.016800882319885413,2.3546336528528253,9.1427665775611
2023-11-20,371.8950500488281,0.020521632491999897,-0.016800882319885413,0.0005781163518566723,1.0,1.0,1.0,-0.01157771414142994,0.020521632491999897,2.3273723775123045,9.330391073225949
2023-11-21,367.58935546875,-0.01157771414142994,0.020521632491999897,0.0063000946500393114,-1.0,1.0,1.0,0.012812440640097345,-0.01157771414142994,2.357191697946583,9.22236647255239
2023-11-22,372.299072265625,0.012812440640097345,-0.01157771414142994,0.0020264270002888773,1.0,1.0,1.0,-0.0011114393578226522,0.012812440640097345,2.3545718223195524,9.34052749554319
2023-11-24,371.8852844238281,-0.0011114393578226522,0.012812440640097345,0.004507728594577709,-1.0,1.0,1.0,0.0031261445057528814,-0.0011114393578226522,2.361932554085297,9.330146065661818
2023-11-27,373.0478515625,0.0031261445057528814,-0.0011114393578226522,0.0007688074625918472,1.0,1.0,1.0,0.010802818579009,0.0031261445057528814,2.387448082962936,9.359313450522858
2023-11-28,377.07781982421875,0.010802818579009,0.0031261445057528814,0.0047542128277195065,1.0,1.0,1.0,-0.010060062709178252,0.010802818579009,2.3634302055334215,9.460420415752935
2023-11-29,373.2843933105469,-0.010060062709178252,0.010802818579009,0.0028104500451213267,-1.0,1.0,1.0,0.0001584396976304081,-0.010060062709178252,2.363804666700557,9.36524799311527
2023-11-30,373.3435363769531,0.0001584396976304081,-0.010060062709178252,0.003113980331571664,1.0,1.0,1.0,-0.011612329560237611,0.0001584396976304081,2.3363553878948027,9.366731820175533
2023-12-01,369.0081481933594,-0.011612329560237611,0.0001584396976304081,0.0005831801430782769,-1.0,1.0,1.0,-0.014338809918473583,-0.011612329560237611,2.3028548320857776,9.25796224337729
2023-12-04,363.7170104980469,-0.014338809918473583,-0.011612329560237611,-0.001516997897404715,-1.0,-1.0,0.0,0.0,-0.014338809918473583,2.3028548320857776,9.125214082537099
2023-12-05,367.04736328125,0.009156439449017784,-0.014338809918473583,-0.005009988782250008,1.0,-1.0,0.0,-0.0,0.009156439449017784,2.3028548320857776,9.208768552743173
2023-12-06,363.38201904296875,-0.009986025251658592,0.009156439449017784,-0.005339264608248251,-1.0,-1.0,0.0,0.0,-0.009986025251658592,2.3028548320857776,9.1168095574388
2023-12-07,365.50042724609375,0.005829700128543003,-0.009986025251658592,-0.0053244571167443185,1.0,-1.0,0.0,0.0,0.005829700128543003,2.3028548320857776,9.169957823287703
2023-12-08,368.73223876953125,0.008842155254886963,0.005829700128543003,-0.0041902050305618,1.0,-1.0,0.0,-0.0,0.008842155254886963,2.3028548320857776,9.251040014041978
2023-12-11,365.84527587890625,-0.007829429019439282,0.008842155254886963,-9.930806753688515e-05,-1.0,-1.0,0.0,0.0,-0.007829429019439282,2.3028548320857776,9.178609652896045
2023-12-12,368.88006591796875,0.008295282839915652,-0.007829429019439282,0.001202568112269975,1.0,1.0,1.0,-2.672190406882713e-05,0.008295282839915652,2.30279329541987,9.254748816043998
2023-12-13,368.8702087402344,-2.672190406882713e-05,0.008295282839915652,0.0010303367904495487,-1.0,1.0,1.0,-0.022544623669836228,-2.672190406882713e-05,2.2508776871852074,9.254501511533954
2023-12-14,360.5541687011719,-0.022544623669836228,-2.672190406882713e-05,0.0030221974599675015,-1.0,1.0,1.0,0.013117286105821746,-0.022544623669836228,2.280403093797226,9.04586225770449
2023-12-15,365.2836608886719,0.013117286105821746,-0.022544623669836228,-0.0026526672997083446,1.0,-1.0,0.0,0.0,0.013117286105821746,2.280403093797226,9.164519421012654
2023-12-18,367.1754455566406,0.005178946858357625,0.013117286105821746,-0.001797641129521388,1.0,-1.0,0.0,0.0,0.005178946858357625,2.280403093797226,9.211981980076466
2023-12-19,367.7765197753906,0.0016370218270962411,0.005178946858357625,0.0008040340460379935,1.0,1.0,1.0,-0.007072763347293343,0.0016370218270962411,2.264274342378363,9.227062195648669
2023-12-20,365.1753234863281,-0.007072763347293343,0.0016370218270962411,-0.0005276181565258886,-1.0,-1.0,0.0,0.0,-0.007072763347293343,2.264274342378363,9.161801368348089
2023-12-21,368.0523986816406,0.007878613395464695,-0.007072763347293343,-0.0019368264451707917,1.0,-1.0,0.0,0.0,0.007878613395464695,2.264274342378363,9.233983659335342
2023-12-22,369.0771179199219,0.0027841667163475137,0.007878613395464695,0.004147820967889393,1.0,1.0,1.0,0.00021357841076996564,0.0027841667163475137,2.2647579424939552,9.25969260929896
2023-12-26,369.15594482421875,0.00021357841076996564,0.0027841667163475137,0.0020811970899945464,1.0,1.0,1.0,-0.001574752767370291,0.00021357841076996564,2.261191508656589,9.261670279730673
2023-12-27,368.5746154785156,-0.001574752767370291,0.00021357841076996564,0.0010881234004770147,-1.0,1.0,1.0,0.003234622399275633,-0.001574752767370291,2.2685056093595413,9.247085438827195
2023-12-28,369.7668151855469,0.003234622399275633,-0.001574752767370291,0.00044576848158370817,1.0,1.0,1.0,0.0020253341739489006,0.003234622399275633,2.273100091293972,9.27699626851564
2023-12-29,370.5157165527344,0.0020253341739489006,0.003234622399275633,0.0025072456308975035,1.0,1.0,1.0,-0.013748718295496287,0.0020253341739489006,2.241847878481304,9.295785286089862
2024-01-02,365.4216003417969,-0.013748718295496287,0.0020253341739489006,0.0013365897865943444,-1.0,1.0,1.0,-0.0007279857793485167,-0.013748718295496287,2.2402158451063072,9.167980152855993
2024-01-03,365.15557861328125,-0.0007279857793485167,-0.013748718295496287,-0.001969987215774416,-1.0,-1.0,0.0,-0.0,-0.0007279857793485167,2.2402158451063072,9.161305993679365
2024-01-04,362.5346374511719,-0.007177601317396531,-0.0007279857793485167,-0.0021583000537981124,-1.0,-1.0,0.0,-0.0,-0.007177601317396531,2.2402158451063072,9.09554979171006
2024-01-05,362.34747314453125,-0.0005162659986270857,-0.007177601317396531,-0.00327886976380336,-1.0,-1.0,0.0,0.0,-0.0005162659986270857,2.2402158451063072,9.09085406861378
2024-01-08,369.1854553222656,0.018871339486357774,-0.0005162659986270857,-0.004029047443383904,1.0,-1.0,0.0,0.0,0.018871339486357774,2.2402158451063072,9.262410661963527
2024-01-09,370.2693786621094,0.002935986031458393,0.018871339486357774,-0.0006598463809021293,1.0,-1.0,0.0,0.0,0.002935986031458393,2.2402158451063072,9.289604970284683
2024-01-10,377.14678955078125,0.018574074133599572,0.002935986031458393,0.002677094484488807,1.0,1.0,1.0,0.004859388141422727,0.018574074133599572,2.251101923418244,9.462150781674607
2024-01-11,378.9794921875,0.004859388141422727,0.018574074133599572,0.006537506467078425,1.0,1.0,1.0,0.009983653288668348,0.004859388141422727,2.2735761445391063,9.50813104497543
2024-01-12,382.7630920410156,0.009983653288668348,0.004859388141422727,0.008944904358842275,1.0,1.0,1.0,0.004633490243997507,0.009983653288668348,2.2841107374238137,9.60305692875169
2024-01-16,384.53662109375,0.004633490243997507,0.009983653288668348,0.011044888216301363,1.0,1.0,1.0,-0.0020499193047638364,0.004633490243997507,2.27942849472895,9.647552599343612
2024-01-17,383.74835205078125,-0.0020499193047638364,0.004633490243997507,0.008197318367829309,-1.0,1.0,1.0,0.011297477006546375,-0.0020499193047638364,2.305180285736217,9.627775895026494
2024-01-18,388.083740234375,0.011297477006546375,-0.0020499193047638364,0.007200137300584863,1.0,1.0,1.0,0.012186704001218018,0.011297477006546375,2.3332728355479273,9.736545471824737
2024-01-19,392.8132019042969,0.012186704001218018,0.011297477006546375,0.005744817875174224,1.0,1.0,1.0,-0.005418008790289863,0.012186704001218018,2.320631142814784,9.855201869484265
2024-01-22,390.6849365234375,-0.005418008790289863,0.012186704001218018,0.007210281047133282,-1.0,1.0,1.0,0.006027590766541691,-0.005418008790289863,2.3346189576637637,9.801806299125317
2024-01-23,393.0398254394531,0.006027590766541691,-0.005418008790289863,0.00412994863134164,1.0,1.0,1.0,0.009175232269200917,0.006027590766541691,2.3560396288604086,9.860887576269356
2024-01-24,396.64605712890625,0.009175232269200917,0.006027590766541691,0.0044087687358504764,1.0,1.0,1.0,0.005738269600343182,0.009175232269200917,2.369559219439902,9.951363510162105
2024-01-25,398.922119140625,0.005738269600343182,0.009175232269200917,0.006653799050643427,1.0,1.0,1.0,-0.002321854239788035,0.005738269600343182,2.3640574483198167,10.008467116874433
2024-01-26,397.9958801269531,-0.002321854239788035,0.005738269600343182,0.005541957569402789,-1.0,1.0,1.0,0.014334208818613137,-0.002321854239788035,2.397944341443231,9.985228915065338
2024-01-29,403.7008361816406,0.014334208818613137,-0.002321854239788035,0.0026402459212015784,1.0,1.0,1.0,-0.002757839928415051,0.014334208818613137,2.391331194792282,10.128359271435539
2024-01-30,402.5874938964844,-0.002757839928415051,0.014334208818613137,0.006590689442982178,-1.0,1.0,1.0,-0.02694650927112041,-0.002757839928415051,2.3268931665814923,10.100426877827442
2024-01-31,391.7391662597656,-0.02694650927112041,-0.002757839928415051,0.00483360330399083,-1.0,1.0,1.0,0.015594504705290113,-0.02694650927112041,2.3631799130164546,9.82825563132179
2024-02-01,397.84814453125,0.015594504705290113,-0.02694650927112041,-0.0023907450040734357,1.0,-1.0,0.0,0.0,0.015594504705290113,2.3631799130164546,9.981522410009232
2024-02-02,405.1788330078125,0.018425845582865863,0.015594504705290113,-0.0004194979830840495,1.0,-1.0,0.0,-0.0,0.018425845582865863,2.3631799130164546,10.165440400617976
2024-02-05,399.690673828125,-0.013545029336667458,0.018425845582865863,0.0037300419814467302,-1.0,1.0,1.0,-0.00039443954767270917,-0.013545029336667458,2.362247781400495,10.02774921217146
2024-02-06,399.53302001953125,-0.00039443954767270917,-0.013545029336667458,-0.001845805649609389,-1.0,-1.0,0.0,0.0,-0.00039443954767270917,2.362247781400495,10.023793871308037
2024-02-07,407.9672546386719,0.021110231686803482,-0.00039443954767270917,-0.0013731255734609205,1.0,-1.0,0.0,0.0,0.021110231686803482,2.362247781400495,10.23539848231211
2024-02-08,408.0263366699219,0.0001448205231626698,0.021110231686803482,0.008238222618123858,1.0,1.0,1.0,0.015551516891249229,0.0001448205231626698,2.3989843176742607,10.236880778075097
2024-02-09,414.37176513671875,0.015551516891249229,0.0001448205231626698,0.00514828578169837,1.0,1.0,1.0,-0.012578753457581082,0.015551516891249229,2.3688080853936326,10.396079802409037
2024-02-12,409.15948486328125,-0.012578753457581082,0.015551516891249229,0.004573420043375043,-1.0,1.0,1.0,-0.021528583824768188,-0.012578753457581082,2.3178110019624474,10.265310077649195
2024-02-13,400.3508605957031,-0.021528583824768188,-0.012578753457581082,0.004766675219192318,-1.0,1.0,1.0,0.009665289167056779,-0.021528583824768188,2.340213315531,10.044312489155287
2024-02-14,404.2203674316406,0.009665289167056779,-0.021528583824768188,0.000539846363773222,1.0,1.0,1.0,-0.007155264058498978,0.009665289167056779,2.3234684713051603,10.141393673847253
2024-02-15,401.32806396484375,-0.007155264058498978,0.009665289167056779,-0.0017491421401761187,-1.0,-1.0,0.0,-0.0,-0.007155264058498978,2.3234684713051603,10.068829324189684
2024-02-16,398.86029052734375,-0.006149017871115436,-0.007155264058498978,-0.003209159056508448,-1.0,-1.0,0.0,-0.0,-0.006149017871115436,2.3234684713051603,10.00691591273403
2024-02-20,397.60662841796875,-0.0031431108564793364,-0.006149017871115436,-0.007549266008981381,-1.0,-1.0,0.0,-0.0,-0.0031431108564793364,2.3234684713051603,9.97546306668884
2024-02-21,397.0044250488281,-0.0015145707493275928,-0.0031431108564793364,-0.005662137488761032,-1.0,-1.0,0.0,0.0,-0.0015145707493275928,2.3234684713051603,9.960354522117036
2024-02-22,406.3525695800781,0.023546701098105638,-0.0015145707493275928,-0.001659334873672913,1.0,-1.0,0.0,-0.0,0.023546701098105638,2.3234684713051603,10.194888012880492
2024-02-23,405.0594482421875,-0.0031822644538138656,0.023546701098105638,0.001116947512536859,-1.0,1.0,1.0,-0.0068234823989895554,-0.0031822644538138656,2.3076143250866026,10.16244518314649
2024-02-26,402.2955322265625,-0.0068234823989895554,-0.0031822644538138656,0.0019115474334738813,-1.0,1.0,1.0,-0.0001473932707347636,-0.0068234823989895554,2.3072741982636336,10.093101917308594
2024-02-27,402.2362365722656,-0.0001473932707347636,-0.0068234823989895554,0.0017766545278990575,-1.0,1.0,1.0,0.0005889012969713114,-0.0001473932707347636,2.3086329550314595,10.091614262005143
2024-02-28,402.4731140136719,0.0005889012969713114,-0.0001473932707347636,0.002375798045047972,1.0,1.0,1.0,0.014519906713853059,0.0005889012969713114,2.3421540901750433,10.097557226732572
2024-02-29,408.3169860839844,0.014519906713853059,0.0005889012969713114,0.002796492454307753,1.0,1.0,1.0,0.004496652436435378,0.014519906713853059,2.352685943071136,10.244172815702521
2024-03-01,410.1530456542969,0.004496652436435378,0.014519906713853059,0.0009911335774572371,1.0,1.0,1.0,-0.0013959186437096927,0.004496652436435378,2.3494017849004094,10.290237300353516
2024-03-04,409.58050537109375,-0.0013959186437096927,0.004496652436435378,0.002526916955507086,-1.0,1.0,1.0,-0.029572016790831546,-0.0013959186437096927,2.279925235868925,10.275872966257756
2024-03-05,397.4683837890625,-0.029572016790831546,-0.0013959186437096927,0.0036124297065630584,-1.0,1.0,1.0,-0.001390714117456615,-0.029572016790831546,2.276754511656656,9.97199467835913
2024-03-06,396.9156188964844,-0.001390714117456615,-0.029572016790831546,-0.002272494997456298,-1.0,-1.0,0.0,0.0,-0.001390714117456615,2.276754511656656,9.958126484580733
2024-03-07,403.87493896484375,0.01753350016234645,-0.001390714117456615,-0.0026684180803418834,1.0,-1.0,0.0,-0.0,0.01753350016234645,2.276754511656656,10.132727296914796
2024-03-08,400.9924621582031,-0.0071370529056064,0.01753350016234645,-0.002065699390643205,-1.0,-1.0,0.0,-0.0,-0.0071370529056064,2.276754511656656,10.060409486118633
2024-03-11,399.3143310546875,-0.004184944261754087,-0.0071370529056064,-0.004392440459051561,-1.0,-1.0,0.0,0.0,-0.004184944261754087,2.276754511656656,10.018307233168805
2024-03-12,409.9359130859375,0.026599551293828627,-0.004184944261754087,-0.00495024558266044,1.0,-1.0,0.0,-0.0,0.026599551293828627,2.276754511656656,10.284789710294813
2024-03-13,409.75823974609375,-0.0004334173566454824,0.026599551293828627,0.0062840680342715945,-1.0,1.0,1.0,0.02437953555824035,-0.0004334173566454824,2.3322607292309736,10.280332103924923
2024-03-14,419.7479553222656,0.02437953555824035,-0.0004334173566454824,0.006475527386433822,1.0,1.0,1.0,-0.020695126564410637,0.02437953555824035,2.283994298258334,10.53096182600308
2024-03-15,411.06121826171875,-0.020695126564410637,0.02437953555824035,0.007844734465612601,-1.0,1.0,1.0,0.0021613769737514055,-0.020695126564410637,2.288930870942769,10.31302223816897
2024-03-18,411.9496765136719,0.0021613769737514055,-0.020695126564410637,0.005133119733851754,1.0,1.0,1.0,0.009800376582542736,0.0021613769737514055,2.311363255449416,10.335312566964333
2024-03-19,415.9869384765625,0.009800376582542736,0.0021613769737514055,0.006402383980952853,1.0,1.0,1.0,0.00906495899805293,0.009800376582542736,2.332315668589671,10.43660252221887
2024-03-20,419.7578430175781,0.00906495899805293,0.009800376582542736,0.0030425490386956746,1.0,1.0,1.0,0.009735779783163867,0.00906495899805293,2.3550225803238827,10.531209896161759
2024-03-21,423.8445129394531,0.009735779783163867,0.00906495899805293,0.004942224309635357,1.0,1.0,1.0,-0.0014671811725022188,0.009735779783163867,2.351567335533214,10.633739436561065
2024-03-22,423.22265625,-0.0014671811725022188,0.009735779783163867,0.0020134731546200602,-1.0,1.0,1.0,-0.013714508629839917,-0.0014671811725022188,2.319316745016394,10.618137814266449
2024-03-25,417.4183654785156,-0.013714508629839917,-0.0014671811725022188,0.005859062233001744,-1.0,1.0,1.0,-0.002861536785625618,-0.013714508629839917,2.312679934833012,10.472515271579862
2024-03-26,416.2239074707031,-0.002861536785625618,-0.013714508629839917,0.0026838851122834794,-1.0,1.0,1.0,-0.0005218191449776199,-0.002861536785625618,2.3114731341668104,10.442547783892211
2024-03-27,416.0067138671875,-0.0005218191449776199,-0.002861536785625618,0.00015150243864980872,-1.0,1.0,1.0,-0.001684675170565586,-0.0005218191449776199,2.30757905277025,10.437098662536233
2024-03-28,415.3058776855469,-0.001684675170565586,-0.0005218191449776199,-0.0017658531899563013,-1.0,-1.0,0.0,0.0,-0.001684675170565586,2.30757905277025,10.419515541566716
2024-04-01,419.1063232421875,0.00915095538213917,-0.001684675170565586,-0.004049944180702192,1.0,-1.0,0.0,-0.0,0.00915095538213917,2.30757905277025,10.514864063391098
2024-04-02,416.0166320800781,-0.007372093883498687,0.00915095538213917,-0.001926316869773914,-1.0,-1.0,0.0,-0.0,-0.007372093883498687,2.30757905277025,10.437347498343552
2024-04-03,415.0393371582031,-0.0023491727169381305,-0.007372093883498687,-0.0006578339205056682,-1.0,-1.0,0.0,-0.0,-0.0023491727169381305,2.30757905277025,10.412828366363241
2024-04-04,412.50244140625,-0.006112422425602837,-0.0023491727169381305,-0.0005553611067681708,-1.0,-1.0,0.0,0.0,-0.006112422425602837,2.30757905277025,10.34918076074273
2024-04-05,420.0440979003906,0.018282695414918226,-0.006112422425602837,-0.0016734817628932142,1.0,-1.0,0.0,-0.0,0.018282695414918226,2.30757905277025,10.53839168038532
2024-04-08,419.1260986328125,-0.002185483077055017,0.018282695414918226,0.0023199923542035483,-1.0,1.0,1.0,0.003980144349131409,-0.002185483077055017,2.3167635504973076,10.515360203708461
2024-04-09,420.7942810058594,0.003980144349131409,-0.002185483077055017,5.270466236471094e-05,1.0,1.0,1.0,-0.007084482260582559,0.003980144349131409,2.3003504802218453,10.557212855202332
2024-04-10,417.81317138671875,-0.007084482260582559,0.003980144349131409,0.00232315230889073,-1.0,1.0,1.0,0.011033312487372937,-0.007084482260582559,2.325730965900611,10.482420468008456
2024-04-11,422.42303466796875,0.011033312487372937,-0.007084482260582559,0.0013760904001618446,1.0,1.0,1.0,-0.014091070063931732,0.011033312487372937,2.29295892791025,10.598076288656028
2024-04-12,416.47064208984375,-0.014091070063931732,0.011033312487372937,0.004805237382756999,-1.0,1.0,1.0,-0.01957798505302666,-0.014091070063931732,2.248067412292419,10.448738053129683
2024-04-15,408.3169860839844,-0.01957798505302666,-0.014091070063931732,-0.0016695157130129923,-1.0,-1.0,0.0,0.0,-0.01957798505302666,2.248067412292419,10.24417281570252
2024-04-16,409.2448425292969,0.0022723924718666133,-0.01957798505302666,-0.005148016108207321,1.0,-1.0,0.0,-0.0,0.0022723924718666133,2.248067412292419,10.267451596889423
2024-04-17,406.5401611328125,-0.006608956583956882,0.0022723924718666133,-0.00548956648366028,-1.0,-1.0,0.0,-0.0,-0.006608956583956882,2.248067412292419,10.199594455057701
2024-04-18,399.06756591796875,-0.01838095206638768,-0.006608956583956882,-0.005394461348335144,-1.0,-1.0,0.0,-0.0,-0.01838095206638768,2.248067412292419,10.012116198282692
2024-04-19,393.9838562011719,-0.012738969916291976,-0.01838095206638768,-0.011277314259087267,-1.0,-1.0,0.0,0.0,-0.012738969916291976,2.248067412292419,9.88457215123435
2024-04-22,395.8001708984375,0.004610124675611615,-0.012738969916291976,-0.011006894229559316,1.0,-1.0,0.0,0.0,0.004610124675611615,2.248067412292419,9.930141261216619
2024-04-23,402.3251037597656,0.016485422041423003,0.004610124675611615,-0.006169272283831661,1.0,-1.0,0.0,0.0,0.016485422041423003,2.248067412292419,10.093843830838724
2024-04-24,403.7958679199219,0.003655660922999404,0.016485422041423003,-0.0033266663699203836,1.0,-1.0,0.0,-0.0,0.003655660922999404,2.248067412292419,10.13074350129398
2024-04-25,393.90484619140625,-0.024495103873814594,0.003655660922999404,-0.0012737428685291262,-1.0,-1.0,0.0,0.0,-0.024495103873814594,2.248067412292419,9.88258988691081
2024-04-26,401.0911865234375,0.01824384848654348,-0.024495103873814594,-0.0024965732300145094,1.0,-1.0,0.0,-0.0,0.01824384848654348,2.248067412292419,10.062886359462258
2024-04-29,397.0735168457031,-0.0100168485689216,0.01824384848654348,0.0036999904505525816,-1.0,1.0,1.0,-0.03211929933238822,-0.0100168485689216,2.1758610621576113,9.962087950633258
2024-04-30,384.3197937011719,-0.03211929933238822,-0.0100168485689216,0.0007745958016459386,-1.0,1.0,1.0,0.014409462868261613,-0.03211929933238822,2.2072140513392675,9.64211266577129
2024-05-01,389.8576354980469,0.014409462868261613,-0.03211929933238822,-0.008946348473116306,1.0,-1.0,0.0,0.0,0.014409462868261613,2.2072140513392675,9.781050330200316
2024-05-02,392.72027587890625,0.007342783929837227,0.014409462868261613,-0.0067955880840638635,1.0,-1.0,0.0,0.0,0.007342783929837227,2.2072140513392675,9.85287046938184
2024-05-03,401.4267883300781,0.02216975538552668,0.007342783929837227,-0.0004280105233334996,1.0,-1.0,0.0,0.0,0.02216975538552668,2.2072140513392675,10.071306197533314
2024-05-06,408.2182922363281,0.016918412282604267,0.02216975538552668,0.0003571708564631404,1.0,1.0,1.0,-0.010156246437314609,0.016918412282604267,2.184797041493962,10.241696708007531
2024-05-07,404.07232666015625,-0.010156246437314609,0.016918412282604267,0.005744223026768314,-1.0,1.0,1.0,0.002931504378715255,-0.010156246437314609,2.191201783587706,10.137679512304773
2024-05-08,405.2568664550781,0.002931504378715255,-0.010156246437314609,0.010136833605783036,1.0,1.0,1.0,0.004335719449974462,0.002931504378715255,2.2007022197796258,10.167398164185107
2024-05-09,407.0139465332031,0.004335719449974462,0.002931504378715255,0.007841241907873765,1.0,1.0,1.0,0.005869296416976644,0.004335719449974462,2.2136187934330107,10.211481150161198
2024-05-10,409.40283203125,0.005869296416976644,0.004335719449974462,0.007239829011901211,1.0,1.0,1.0,-0.0024593539084294402,0.005869296416976644,2.2081747214016083,10.271415359887865
2024-05-13,408.3959655761719,-0.0024593539084294402,0.005869296416976644,0.0039797372181912035,-1.0,1.0,1.0,0.006864430596819515,-0.0024593539084294402,2.2233325835223208,10.246154314377423
2024-05-14,411.1993713378906,0.006864430596819515,-0.0024593539084294402,0.00010418397998446238,1.0,1.0,1.0,0.01748395690988569,0.006864430596819515,2.26220523460897,10.316488329552769
2024-05-15,418.3887634277344,0.01748395690988569,0.006864430596819515,0.003508319386811287,1.0,1.0,1.0,-0.004939983280527915,0.01748395690988569,2.2510299785728787,10.496861366968007
2024-05-16,416.3219299316406,-0.004939983280527915,0.01748395690988569,0.006418809893045374,-1.0,1.0,1.0,-0.001852729178201118,-0.004939983280527915,2.2468594296505713,10.445007047317166
2024-05-17,415.55059814453125,-0.001852729178201118,-0.004939983280527915,0.004563669346944898,-1.0,1.0,1.0,0.01220826214044135,-0.001852729178201118,2.274289678560468,10.425655277994085
2024-05-20,420.6237487792969,0.01220826214044135,-0.001852729178201118,0.003019264227909346,1.0,1.0,1.0,0.008698832525490197,0.01220826214044135,2.294073343588716,10.552934410613712
2024-05-21,424.2826843261719,0.008698832525490197,0.01220826214044135,0.005952787437683504,1.0,1.0,1.0,0.0034496412437841073,0.008698832525490197,2.3019870736110257,10.644732619704124
2024-05-22,425.7463073730469,0.0034496412437841073,0.008698832525490197,0.006319667823417641,1.0,1.0,1.0,-0.008176201386940085,0.0034496412437841073,2.283165563707049,10.68145312837811
2024-05-23,422.26531982421875,-0.008176201386940085,0.0034496412437841073,0.0035128046901973242,-1.0,1.0,1.0,0.007400488118992854,-0.008176201386940085,2.3000621033349566,10.594119416495328
2024-05-24,425.3902893066406,0.007400488118992854,-0.008176201386940085,0.0028655610689148903,1.0,1.0,1.0,0.00037204460029927056,0.007400488118992854,2.300917829020855,10.672521071368294
2024-05-28,425.5485534667969,0.00037204460029927056,0.007400488118992854,0.0047162045283536845,1.0,1.0,1.0,-0.002672475460535173,0.00037204460029927056,2.294768682586089,10.676491725204476
2024-05-29,424.4112854003906,-0.002672475460535173,0.00037204460029927056,0.0023489610203252685,-1.0,1.0,1.0,-0.03378610176996533,-0.002672475460535173,2.217237394337706,10.64795906306426
2024-05-30,410.07208251953125,-0.03378610176996533,-0.002672475460535173,7.469942312019474e-05,-1.0,1.0,1.0,0.001109305019586504,-0.03378610176996533,2.21969698690886,10.288206034517145
2024-05-31,410.5269775390625,0.001109305019586504,-0.03378610176996533,-0.007372449179629692,1.0,-1.0,0.0,-0.0,0.001109305019586504,2.21969698690886,10.299618793113776
2024-06-03,408.9347839355469,-0.0038784140644304577,0.001109305019586504,-0.005515347898324374,-1.0,-1.0,0.0,0.0,-0.0038784140644304577,2.21969698690886,10.25967260672829
2024-06-04,411.45654296875,0.006166653295994973,-0.0038784140644304577,-0.0077711283350090365,1.0,-1.0,0.0,0.0,0.006166653295994973,2.21969698690886,10.322940450624401
2024-06-05,419.3085021972656,0.019083325718584954,0.006166653295994973,-0.006612206595869896,1.0,-1.0,0.0,0.0,0.019083325718584954,2.21969698690886,10.519936485617222
2024-06-06,419.81280517578125,0.0012027015332933821,0.019083325718584954,-0.002261046360045871,1.0,-1.0,0.0,-0.0,0.0012027015332933821,2.21969698690886,10.532588829358623
2024-06-07,419.1502380371094,-0.0015782442329134172,0.0012027015332933821,0.004736714300605871,-1.0,1.0,1.0,0.009484506959190675,-0.0015782442329134172,2.2407497184284915,10.51596583178104
2024-06-10,423.12567138671875,0.009484506959190675,-0.0015782442329134172,0.004199204450105886,1.0,1.0,1.0,0.011241846545491319,0.009484506959190675,2.2659398829099175,10.615704582895178
2024-06-11,427.88238525390625,0.011241846545491319,0.009484506959190675,0.006871788654830113,1.0,1.0,1.0,0.019367584704208296,0.011241846545491319,2.309825665526819,10.735044704788354
2024-06-12,436.16943359375,0.019367584704208296,0.011241846545491319,0.007886827304729383,1.0,1.0,1.0,0.0011789482522179817,0.019367584704208296,2.31254883045812,10.942956592411806
2024-06-13,436.68365478515625,0.0011789482522179817,0.019367584704208296,0.007943679101854052,1.0,1.0,1.0,0.002241976343973384,0.0011789482522179817,2.3177335102302905,10.955857771960527
2024-06-14,437.6626892089844,0.002241976343973384,0.0011789482522179817,0.007938928445638972,1.0,1.0,1.0,0.01310519923150788,0.002241976343973384,2.3481078696474005,10.9804205459132
2024-06-17,443.3983459472656,0.01310519923150788,0.002241976343973384,0.00870297256101633,1.0,1.0,1.0,-0.0045274792407082876,0.01310519923150788,2.3374768600126283,11.124321144813134
2024-06-18,441.390869140625,-0.0045274792407082876,0.01310519923150788,0.009427111015479772,-1.0,1.0,1.0,-0.0014338165544485193,-0.0045274792407082876,2.3341253469951018,11.07395601176302
2024-06-20,440.75799560546875,-0.0014338165544485193,-0.0045274792407082876,0.006273245858239851,-1.0,1.0,1.0,0.009154138011590263,-0.0014338165544485193,2.355492252557846,11.05807799031012
2024-06-21,444.7927551269531,0.009154138011590263,-0.0014338165544485193,0.002112965606508488,1.0,1.0,1.0,-0.0046911249005058275,0.009154138011590263,2.3444423441989235,11.159305162376347
2024-06-24,442.7061767578125,-0.0046911249005058275,0.009154138011590263,0.003708003558382944,-1.0,1.0,1.0,0.007326736058548722,-0.0046911249005058275,2.3616194544593543,11.10695546805678
2024-06-25,445.94976806640625,0.007326736058548722,-0.0046911249005058275,0.0023213833094871015,1.0,1.0,1.0,0.002683248930635207,0.007326736058548722,2.3679562673351,11.188333199185287
2024-06-26,447.1463623046875,0.002683248930635207,0.007326736058548722,0.00116569067489527,1.0,1.0,1.0,0.001525993694279304,0.002683248930635207,2.3715697536673823,11.218354282277591
2024-06-27,447.8287048339844,0.001525993694279304,0.002683248930635207,0.002607836309163969,1.0,1.0,1.0,-0.013028630508902905,0.001525993694279304,2.34067144762076,11.235473420172537
2024-06-28,441.9941101074219,-0.013028630508902905,0.001525993694279304,0.0031997983589095334,-1.0,1.0,1.0,0.021881671278081383,-0.013028630508902905,2.3918892508075884,11.08909058838851
2024-07-01,451.6656799316406,0.021881671278081383,-0.013028630508902905,-0.0012367553451891,1.0,-1.0,0.0,0.0,0.021881671278081383,2.3918892508075884,11.331738423416493
2024-07-02,454.1873779296875,0.005583107395781273,0.021881671278081383,0.004077803890528342,1.0,1.0,1.0,0.0032442121824827197,0.005583107395781273,2.399649047054208,11.395004736015329
2024-07-03,455.6608581542969,0.0032442121824827197,0.005583107395781273,0.003729078157974852,1.0,1.0,1.0,0.014736159672147364,0.0032442121824827197,2.435010658568715,11.431972549199358
2024-07-05,462.37554931640625,0.014736159672147364,0.0032442121824827197,0.003841270808344355,1.0,1.0,1.0,-0.00282302525185929,0.014736159672147364,2.4281365619910287,11.600435922051965
2024-07-08,461.07025146484375,-0.00282302525185929,0.014736159672147364,0.006483304003917967,-1.0,1.0,1.0,-0.014370331637802991,-0.00282302525185929,2.3932434343333426,11.567687598511437
2024-07-09,454.44451904296875,-0.014370331637802991,-0.00282302525185929,0.00852442505532669,-1.0,1.0,1.0,0.014601539509341066,-0.014370331637802991,2.428188472895232,11.401456091438327
2024-07-10,461.0801086425781,0.014601539509341066,-0.014370331637802991,0.001274024472149815,1.0,1.0,1.0,-0.024771996852403944,0.014601539509341066,2.3680373956876277,11.56793490302148
2024-07-11,449.6582336425781,-0.024771996852403944,0.014601539509341066,0.0030777108948617737,-1.0,1.0,1.0,-0.002529251104269492,-0.024771996852403944,2.3620480344896335,11.28137405601502
2024-07-12,448.52093505859375,-0.002529251104269492,-0.024771996852403944,-0.002525530912115559,-1.0,-1.0,0.0,0.0,-0.002529251104269492,2.3620480344896335,11.252840628226167
2024-07-15,448.9263916015625,0.0009039857702868304,-0.002529251104269492,-0.00597861306739893,1.0,-1.0,0.0,-0.0,0.0009039857702868304,2.3620480344896335,11.263013036029388
2024-07-16,444.5356140136719,-0.00978061809248143,0.0009039857702868304,-0.005233210862969706,-1.0,-1.0,0.0,-0.0,-0.00978061809248143,2.3620480344896335,11.152853806953345
2024-07-17,438.6021423339844,-0.013347573271159763,-0.00978061809248143,-0.004315268153905394,-1.0,-1.0,0.0,-0.0,-0.013347573271159763,2.3620480344896335,11.003990273582502
2024-07-18,435.48712158203125,-0.007102155806574029,-0.013347573271159763,-0.00990509071000556,-1.0,-1.0,0.0,-0.0,-0.007102155806574029,2.3620480344896335,10.925838220165494
2024-07-19,432.26318359375,-0.00740306160276194,-0.007102155806574029,-0.006371122500839576,-1.0,-1.0,0.0,0.0,-0.00740306160276194,2.3620480344896335,10.844953566759797
2024-07-22,438.028564453125,0.01333766343791476,-0.00740306160276194,-0.007345884600538066,1.0,-1.0,0.0,0.0,0.01333766343791476,2.3620480344896335,10.989599907433051
2024-07-23,439.9174499511719,0.004312242742445571,0.01333766343791476,-0.004859149067012481,1.0,-1.0,0.0,-0.0,0.004312242742445571,2.3620480344896335,11.036989729876261
2024-07-24,424.1442565917969,-0.035854893596800275,0.004312242742445571,-0.0020405769000270803,-1.0,-1.0,0.0,-0.0,-0.035854893596800275,2.3620480344896335,10.64125963748257
2024-07-25,413.7607421875,-0.024481091616643358,-0.035854893596800275,-0.006542040965155182,-1.0,-1.0,0.0,0.0,-0.024481091616643358,2.3620480344896335,10.38074998538087
2024-07-26,420.5544738769531,0.016419469023415623,-0.024481091616643358,-0.010017828127169049,1.0,-1.0,0.0,0.0,0.016419469023415623,2.3620480344896335,10.551196388205653
2024-07-29,421.9983215332031,0.0034332000868748658,0.016419469023415623,-0.005253322001933536,1.0,-1.0,0.0,-0.0,0.0034332000868748658,2.3620480344896335,10.587420756562274
2024-07-30,418.2306213378906,-0.0089282350262051,0.0034332000868748658,-0.007234214672141514,-1.0,-1.0,0.0,-0.0,-0.0089282350262051,2.3620480344896335,10.492893775726364
2024-07-31,413.7112731933594,-0.010805875787081698,-0.0089282350262051,-0.00988231022587165,-1.0,-1.0,0.0,-0.0,-0.010805875787081698,2.3620480344896335,10.379508868938823
2024-08-01,412.4849853515625,-0.0029641151238916086,-0.010805875787081698,-0.004872506663927934,-1.0,-1.0,0.0,-0.0,-0.0029641151238916086,2.3620480344896335,10.348742809721834
2024-08-02,403.9605407714844,-0.02066607242155183,-0.0029641151238916086,-0.0005691113653775836,-1.0,-1.0,0.0,-0.0,-0.02066607242155183,2.3620480344896335,10.134874941344108
2024-08-05,390.76849365234375,-0.03265677160929237,-0.02066607242155183,-0.007986219654371074,-1.0,-1.0,0.0,0.0,-0.03265677160929237,2.3620480344896335,9.803902645095894
2024-08-06,395.17901611328125,0.011286791367733473,-0.03265677160929237,-0.015204213993604521,1.0,-1.0,0.0,-0.0,0.011286791367733473,2.3620480344896335,9.914557248840662
2024-08-07,394.0121154785156,-0.0029528405790431034,0.011286791367733473,-0.011161208714816805,-1.0,-1.0,0.0,0.0,-0.0029528405790431034,2.3620480344896335,9.885281141873039
2024-08-08,398.224853515625,0.01069189974524809,-0.0029528405790431034,-0.009590601673209086,1.0,-1.0,0.0,0.0,0.01069189974524809,2.3620480344896335,9.990973576795536
2024-08-09,401.5179748535156,0.008269502289518504,0.01069189974524809,-0.006859398699381148,1.0,-1.0,0.0,0.0,0.008269502289518504,2.3620480344896335,10.073593955663366
2024-08-12,402.2992248535156,0.0019457410350931514,0.008269502289518504,-0.0010722837571670806,1.0,-1.0,0.0,0.0,0.0019457410350931514,2.3620480344896335,10.093194560793767
2024-08-13,409.41937255859375,0.01769863640097924,0.0019457410350931514,0.005848218771710023,1.0,1.0,1.0,0.006883944920688556,0.01769863640097924,2.378308243059081,10.271830341449597
2024-08-14,412.23779296875,0.006883944920688556,0.01769863640097924,0.0071305877783591765,1.0,1.0,1.0,0.011823848137369586,0.006883944920688556,2.406428998548866,10.342541055754793
2024-08-15,417.1120300292969,0.011823848137369586,0.006883944920688556,0.009097944878305508,1.0,1.0,1.0,-0.006080512428841667,0.011823848137369586,2.3917966771140646,10.464829690552548
2024-08-16,414.5757751464844,-0.006080512428841667,0.011823848137369586,0.009324334556729808,-1.0,1.0,1.0,0.007312427202747385,-0.006080512428841667,2.4092865161992343,10.401198163553433
2024-08-19,417.6073303222656,0.007312427202747385,-0.006080512428841667,0.006454331613057774,1.0,1.0,1.0,0.0077574380358249595,0.007312427202747385,2.4279764070591985,10.477256167945768
2024-08-20,420.8468933105469,0.0077574380358249595,0.007312427202747385,0.00752766884658862,1.0,1.0,1.0,-0.0015536270356774073,0.0077574380358249595,2.4242042372712045,10.558532833454072
2024-08-21,420.19305419921875,-0.0015536270356774073,0.0077574380358249595,0.005539429173557764,-1.0,1.0,1.0,-0.02025283672186695,-0.0015536270356774073,2.3751072246732927,10.54212881138693
2024-08-22,411.6829528808594,-0.02025283672186695,-0.0015536270356774073,0.003851914782284571,-1.0,1.0,1.0,0.0029840562958103334,-0.02025283672186695,2.3821946783403036,10.32862079786902
2024-08-23,412.91143798828125,0.0029840562958103334,-0.02025283672186695,-0.0025634221895627363,1.0,-1.0,0.0,-0.0,0.0029840562958103334,2.3821946783403036,10.359441983787939
2024-08-26,409.64215087890625,-0.007917647244898518,0.0029840562958103334,-0.0007505084446323363,-1.0,-1.0,0.0,0.0,-0.007917647244898518,2.3821946783403036,10.277419576506315
2024-08-27,409.9888916015625,0.00084644786165744,-0.007917647244898518,-0.0037965233341615166,1.0,-1.0,0.0,-0.0,0.00084644786165744,2.3821946783403036,10.286118876330205
2024-08-28,406.7790222167969,-0.007829161839548182,0.00084644786165744,-0.005178721368995021,-1.0,-1.0,0.0,0.0,-0.007829161839548182,2.3821946783403036,10.205587186946584
2024-08-29,409.2756042480469,0.006137440464959454,-0.007829161839548182,-0.0064338283297691755,1.0,-1.0,0.0,0.0,0.006137440464959454,2.3821946783403036,10.268223370716422
2024-08-30,413.2581787109375,0.009730788792573497,0.006137440464959454,-0.0011557728924038945,1.0,-1.0,0.0,-0.0,0.009730788792573497,2.3821946783403036,10.36814128361183
2024-09-03,405.6298522949219,-0.018458984743654483,0.009730788792573497,0.00019357360694873815,-1.0,1.0,1.0,-0.0013188702495748883,-0.018458984743654483,2.379052872650345,10.176755921837586
2024-09-04,405.0948791503906,-0.0013188702495748883,-0.018458984743654483,-0.0019146938928024549,-1.0,-1.0,0.0,-0.0,-0.0013188702495748883,2.379052872650345,10.163334101215089
2024-09-05,404.589599609375,-0.0012473115979035887,-0.0013188702495748883,-0.0023477575150489204,-1.0,-1.0,0.0,-0.0,-0.0012473115979035887,2.379052872650345,10.150657256717274
2024-09-06,397.9618835449219,-0.016381330787672455,-0.0012473115979035887,-0.0010313874667200018,-1.0,-1.0,0.0,0.0,-0.016381330787672455,2.379052872650345,9.9843759824827
2024-09-09,401.9444580078125,0.010007426910876749,-0.016381330787672455,-0.005535141717246383,1.0,-1.0,0.0,0.0,0.010007426910876749,2.379052872650345,10.084293895378108
2024-09-10,410.3455505371094,0.020901127909402906,0.010007426910876749,-0.005479814093585733,1.0,-1.0,0.0,0.0,0.020901127909402906,2.379052872650345,10.295067011961416
2024-09-11,419.103271484375,0.02134230756444766,0.020901127909402906,0.0023922084370257444,1.0,1.0,1.0,0.009360835395978429,0.02134230756444766,2.4013227949895546,10.514787498527296
2024-09-12,423.02642822265625,0.009360835395978429,0.02134230756444766,0.006924443999830254,1.0,1.0,1.0,0.008407536433042706,0.009360835395978429,2.4215120038759252,10.613214693524702
2024-09-13,426.5830383300781,0.008407536433042706,0.009360835395978429,0.009046073398606658,1.0,1.0,1.0,0.0017418460778380052,0.008407536433042706,2.425729905062314,10.702445682732215
2024-09-16,427.3260803222656,0.0017418460778380052,0.008407536433042706,0.01400384684274969,1.0,1.0,1.0,0.008832774949775413,0.0017418460778380052,2.4471558314026693,10.721087695767956
2024-09-17,431.1005554199219,0.008832774949775413,0.0017418460778380052,0.012350730676141942,1.0,1.0,1.0,-0.009973522442496052,0.008832774949775413,2.4227490677978896,10.815784650601481
2024-09-18,426.80096435546875,-0.009973522442496052,0.008832774949775413,0.009937060084216442,-1.0,1.0,1.0,0.018291199674174807,-0.009973522442496052,2.4670640547574014,10.707913179655502
2024-09-19,434.607666015625,0.018291199674174807,-0.009973522442496052,0.0036738940828277,1.0,1.0,1.0,-0.007796029330063181,0.018291199674174807,2.447830751027368,10.903773757718309
2024-09-20,431.2194519042969,-0.007796029330063181,0.018291199674174807,0.005459966938466976,-1.0,1.0,1.0,-0.004043396699508595,-0.007796029330063181,2.4379332002477083,10.818767617694764
2024-09-23,429.4758605957031,-0.004043396699508595,-0.007796029330063181,0.002219253785845798,-1.0,1.0,1.0,-0.010011323048674914,-0.004043396699508595,2.4135262634089387,10.775023048416626
2024-09-24,425.1762390136719,-0.010011323048674914,-0.004043396699508595,0.0010622052303764784,-1.0,1.0,1.0,0.006850402037011483,-0.010011323048674914,2.430059888640176,10.66715081182201
2024-09-25,428.0888671875,0.006850402037011483,-0.010011323048674914,-0.002706614369313587,1.0,-1.0,0.0,-0.0,0.006850402037011483,2.430059888640176,10.740225083472424
2024-09-26,427.29632568359375,-0.001851348083665827,0.006850402037011483,0.0006581705265879201,-1.0,1.0,1.0,-0.007628031732840546,-0.001851348083665827,2.4115233146969257,10.720341188345998
2024-09-27,424.0368957519531,-0.007628031732840546,-0.001851348083665827,-0.0033703390249802067,-1.0,-1.0,0.0,0.0,-0.007628031732840546,2.4115233146969257,10.638566085574418
2024-09-30,426.2956848144531,0.005326869159568037,-0.007628031732840546,-0.0033367395055356797,1.0,-1.0,0.0,-0.0,0.005326869159568037,2.4115233146969257,10.695236335157691
2024-10-01,416.7751770019531,-0.02233310857144577,0.005326869159568037,-0.0014626863337203534,-1.0,-1.0,0.0,-0.0,-0.02233310857144577,2.4115233146969257,10.456378460887343
2024-10-02,413.2482604980469,-0.008462395791603794,-0.02233310857144577,-0.003927043438274524,-1.0,-1.0,0.0,-0.0,-0.008462395791603794,2.4115233146969257,10.367892447804513
2024-10-03,412.6637878417969,-0.0014143378499539283,-0.008462395791603794,-0.00698960300399758,-1.0,-1.0,0.0,-0.0,-0.0014143378499539283,2.4115233146969257,10.353228745091332
2024-10-04,412.188232421875,-0.001152404048848088,-0.0014143378499539283,-0.0069022009572552,-1.0,-1.0,0.0,-0.0,-0.001152404048848088,2.4115233146969257,10.341297642366838
2024-10-07,405.7289123535156,-0.015670801736397566,-0.001152404048848088,-0.005607075420456709,-1.0,-1.0,0.0,0.0,-0.015670801736397566,2.4115233146969257,10.179241217316232
2024-10-08,410.85076904296875,0.012623839547797333,-0.015670801736397566,-0.009806609599649829,1.0,-1.0,0.0,0.0,0.012623839547797333,2.4115233146969257,10.307742325161957
2024-10-09,413.5751953125,0.0066311821099360735,0.012623839547797333,-0.002815219975801209,1.0,-1.0,0.0,-0.0,0.0066311821099360735,2.4115233146969257,10.376094841662402
2024-10-10,411.9702453613281,-0.003880672654846151,0.0066311821099360735,0.00020349560450676484,-1.0,1.0,1.0,0.0011544181718339264,-0.003880672654846151,2.414307221033213,10.335828614146273
2024-10-11,412.4458312988281,0.0011544181718339264,-0.003880672654846151,-0.00028977135647167973,1.0,-1.0,0.0,0.0,0.0011544181718339264,2.414307221033213,10.347760482519405
2024-10-14,415.2395324707031,0.006773498384205823,0.0011544181718339264,0.00017159308766472313,1.0,1.0,1.0,-0.0009542449680003395,0.006773498384205823,2.4120033805163352,10.417851021427898
2024-10-15,414.8432922363281,-0.0009542449680003395,0.006773498384205823,0.0046604531117854005,-1.0,1.0,1.0,-0.006256848358986988,-0.0009542449680003395,2.3969118411230803,10.407909839513323
2024-10-16,412.2476806640625,-0.006256848358986988,-0.0009542449680003395,0.0019448362086258663,-1.0,1.0,1.0,0.0014419775590714945,-0.006256848358986988,2.4003681342090526,10.34278912591348
2024-10-17,412.8421325683594,0.0014419775590714945,-0.006256848358986988,-0.000632769885158746,1.0,-1.0,0.0,0.0,0.0014419775590714945,2.4003681342090526,10.357703195731256
2024-10-18,414.2687072753906,0.0034554968945545994,0.0014419775590714945,0.0004317601576247831,1.0,1.0,1.0,0.0014826048083218524,0.0034554968945545994,2.4039269315465734,10.393494206958824
2024-10-21,414.8829040527344,0.0014826048083218524,0.0034554968945545994,0.0008919759021689177,1.0,1.0,1.0,0.020846446416640685,0.0014826048083218524,2.4540402655145788,10.408903651445327
2024-10-22,423.53173828125,0.020846446416640685,0.0014826048083218524,-0.0001662028130078763,1.0,-1.0,0.0,-0.0,0.020846446416640685,2.4540402655145788,10.625892303671158
2024-10-23,420.6487731933594,-0.006806963510196606,0.020846446416640685,0.0041939354639203286,-1.0,1.0,1.0,0.0003062286293806782,-0.006806963510196606,2.4547917629015323,10.55356224249679
2024-10-24,420.777587890625,0.0003062286293806782,-0.006806963510196606,0.004083912433678405,1.0,1.0,1.0,0.008052050907888297,0.0003062286293806782,2.4745578711446803,10.556794045397394
2024-10-25,424.16571044921875,0.008052050907888297,0.0003062286293806782,0.0038567626477402418,1.0,1.0,1.0,-0.0036436271742654736,0.008052050907888297,2.465541504841085,10.641797888475026
2024-10-28,422.6202087402344,-0.0036436271742654736,0.008052050907888297,0.004776073450406981,-1.0,1.0,1.0,0.012564827797310274,-0.0036436271742654736,2.4965206092765344,10.603023144505537
2024-10-29,427.93035888671875,0.012564827797310274,-0.0036436271742654736,0.003750827053889516,1.0,1.0,1.0,0.0013427780165224945,0.012564827797310274,2.499872882268466,10.736248304447145
2024-10-30,428.5049743652344,0.0013427780165224945,0.012564827797310274,0.002094503330023434,1.0,1.0,1.0,-0.060527655263765356,0.0013427780165224945,2.348561438247285,10.750664702650283
2024-10-31,402.5685729980469,-0.060527655263765356,0.0013427780165224945,0.003724451635367254,-1.0,1.0,1.0,0.009892909506649339,-0.060527655263765356,2.3717955440266714,10.099952175671936
2024-11-01,406.5511474609375,0.009892909506649339,-0.060527655263765356,-0.008442325143261953,1.0,-1.0,0.0,-0.0,0.009892909506649339,2.3717955440266714,10.199870088567344
2024-11-04,404.6589050292969,-0.004654377299039392,0.009892909506649339,-0.008074153423509745,-1.0,-1.0,0.0,0.0,-0.004654377299039392,2.3717955440266714,10.152396044773965
2024-11-05,407.63104248046875,0.007344796850465185,-0.004654377299039392,-0.008276303448464528,1.0,-1.0,0.0,0.0,0.007344796850465185,2.3717955440266714,10.226963331268296
2024-11-06,416.2698669433594,0.02119275413943611,0.007344796850465185,-0.009320309637833545,1.0,-1.0,0.0,0.0,0.02119275413943611,2.3717955440266714,10.443700850740893
2024-11-07,421.4710388183594,0.012494711455315777,0.02119275413943611,-0.0053503144132508226,1.0,-1.0,0.0,-0.0,0.012494711455315777,2.3717955440266714,10.574191879396537
2024-11-08,418.6079406738281,-0.006793107665376663,0.012494711455315777,0.009254158930565404,-1.0,1.0,1.0,-0.010720827414559153,-0.006793107665376663,2.346367933336541,10.502360255485444
2024-11-11,414.1201171875,-0.010720827414559153,-0.006793107665376663,0.005916955496160203,-1.0,1.0,1.0,0.012009236922220667,-0.010720827414559153,2.3745460217546808,10.389766263740858
2024-11-12,419.0933837890625,0.012009236922220667,-0.010720827414559153,0.004703665473056251,1.0,1.0,1.0,0.005129670078727999,0.012009236922220667,2.3867266594330383,10.514539428368618
2024-11-13,421.2431945800781,0.005129670078727999,0.012009236922220667,0.005636553487407348,1.0,1.0,1.0,0.0039746301191665445,0.005129670078727999,2.3962130150998386,10.568475546665926
2024-11-14,422.91748046875,0.0039746301191665445,0.005129670078727999,0.0024239366752657255,1.0,1.0,1.0,-0.027852687514071106,0.0039746301191665445,2.3294720427731126,10.61048132788738
2024-11-15,411.1380920410156,-0.027852687514071106,0.0039746301191665445,0.0007199204080358789,-1.0,1.0,1.0,0.0018313304023040988,-0.027852687514071106,2.3337380757463606,10.314950907087846
2024-11-18,411.8910217285156,0.0018313304023040988,-0.027852687514071106,-0.0034919955617030095,1.0,-1.0,0.0,0.0,0.0018313304023040988,2.3337380757463606,10.33384099028227
2024-11-19,413.9021301269531,0.004882622568459505,0.0018313304023040988,-0.0009815639983303593,1.0,-1.0,0.0,-0.0,0.004882622568459505,2.3337380757463606,10.384297235520295
2024-11-20,411.62353515625,-0.0055051540082777795,0.004882622568459505,-0.002406886869082592,-1.0,-1.0,0.0,-0.0,-0.0055051540082777795,2.3337380757463606,10.327130079971022
2024-11-21,409.8466491699219,-0.004316774514979138,-0.0055051540082777795,-0.004533851686483748,-1.0,-1.0,0.0,0.0,-0.004316774514979138,2.3337380757463606,10.282550188028928
2024-11-22,413.9463806152344,0.010003086407113004,-0.004316774514979138,-0.006192132613312884,1.0,-1.0,0.0,0.0,0.010003086407113004,2.3337380757463606,10.385407426045257
2024-11-25,415.7232971191406,0.004292624811129686,0.010003086407113004,0.0013790221709239381,1.0,1.0,1.0,0.02196804811714448,0.004292624811129686,2.385005746087169,10.429988083635989
2024-11-26,424.8559265136719,0.02196804811714448,0.004292624811129686,0.0018712810526890556,1.0,1.0,1.0,-0.011682570758886235,0.02196804811714448,2.3571427476981555,10.659114563718548
2024-11-27,419.89251708984375,-0.011682570758886235,0.02196804811714448,0.00528836616242605,-1.0,1.0,1.0,0.0011111968729209387,-0.011682570758886235,2.359761997348426,10.534588703600832
2024-11-29,420.3591003417969,0.0011111968729209387,-0.011682570758886235,0.004052882812304359,1.0,1.0,1.0,0.017758471974710588,0.0011111968729209387,2.401667764645325,10.546294705625781
2024-12-02,427.82403564453125,0.017758471974710588,0.0011111968729209387,0.005138477089884375,1.0,1.0,1.0,0.0005104523609420486,0.017758471974710588,2.402893701625987,10.733580784592675
2024-12-03,428.04241943359375,0.0005104523609420486,0.017758471974710588,0.006689554203403891,1.0,1.0,1.0,0.014424899761829701,0.0005104523609420486,2.4375552024102736,10.739059766245532
2024-12-04,434.2168884277344,0.014424899761829701,0.0005104523609420486,0.005933119713366364,1.0,1.0,1.0,0.011887828155749514,0.014424899761829701,2.46653243977668,10.893969626909922
2024-12-05,439.3787841796875,0.011887828155749514,0.014424899761829701,0.004424490042303409,1.0,1.0,1.0,0.0021463353106123684,0.011887828155749514,2.4718264454469434,11.023475265768582
2024-12-06,440.32183837890625,0.0021463353106123684,0.011887828155749514,0.009138569825230558,1.0,1.0,1.0,0.005523317586221488,0.0021463353106123684,2.485479127923168,11.047135339977164
2024-12-09,442.7538757324219,0.005523317586221488,0.0021463353106123684,0.009345597512768844,1.0,1.0,1.0,-0.006031089127159439,0.005523317586221488,2.470488981778969,11.108152176877828
2024-12-10,440.0835876464844,-0.006031089127159439,0.005523317586221488,0.006898566635071024,-1.0,1.0,1.0,0.012767030965783244,-0.006031089127159439,2.502029791109967,11.041157921061028
2024-12-11,445.7021484375,0.012767030965783244,-0.006031089127159439,0.005590258337450726,1.0,1.0,1.0,0.0012694484431385877,0.012767030965783244,2.505205988932978,11.182120726137317
2024-12-12,446.2679443359375,0.0012694484431385877,0.012767030965783244,0.005258684578241435,1.0,1.0,1.0,-0.005093854277021359,0.0012694484431385877,2.4924448346914323,11.1963158518841
2024-12-13,443.9947204589844,-0.005093854277021359,0.0012694484431385877,0.0031350086357192497,-1.0,1.0,1.0,0.009658722127204866,-0.005093854277021359,2.516518666767104,11.139283450495098
2024-12-16,448.28314208984375,0.009658722127204866,-0.005093854277021359,0.0016869707181925043,1.0,1.0,1.0,0.00635521999555877,0.009658722127204866,2.532511696517339,11.246874694039603
2024-12-17,451.132080078125,0.00635521999555877,0.009658722127204866,0.00251405162638918,1.0,1.0,1.0,-0.03756101052203198,0.00635521999555877,2.437387998037282,11.318351056982706
2024-12-18,434.1871032714844,-0.03756101052203198,0.00635521999555877,0.004991313450932821,-1.0,1.0,1.0,-0.0008231275289592999,-0.03756101052203198,2.4353817168773424,10.893222353839327
2024-12-19,433.8297119140625,-0.0008231275289592999,-0.03756101052203198,-0.0050742948466302226,-1.0,-1.0,0.0,-0.0,-0.0008231275289592999,2.4353817168773424,10.884255842640808
2024-12-20,433.4029235839844,-0.0009837692494484296,-0.0008231275289592999,-0.005492810041049801,-1.0,-1.0,0.0,-0.0,-0.0009837692494484296,2.4353817168773424,10.87354824643969
2024-12-23,432.062744140625,-0.0030922252029979003,-0.0009837692494484296,-0.004670793035535215,-1.0,-1.0,0.0,0.0,-0.0030922252029979003,2.4353817168773424,10.839924786506035
2024-12-24,436.11285400390625,0.009373892838960174,-0.0030922252029979003,-0.007220982501575768,1.0,-1.0,0.0,-0.0,0.009373892838960174,2.4353817168773424,10.941537079837131
2024-12-26,434.9018249511719,-0.0027768708067557046,0.009373892838960174,-0.006617247932895487,-1.0,-1.0,0.0,-0.0,-0.0027768708067557046,2.4353817168773424,10.911153844939097
2024-12-27,427.3773193359375,-0.017301618856345735,-0.0027768708067557046,0.0003395800101597679,-1.0,1.0,1.0,-0.0132395050091757,-0.017301618856345735,2.40313846843749,10.72237321983101
2024-12-30,421.71905517578125,-0.0132395050091757,-0.017301618856345735,-0.002956118255317519,-1.0,-1.0,0.0,-0.0,-0.0132395050091757,2.40313846843749,10.580414305876806
2024-12-31,418.4134521484375,-0.007838400913532162,-0.0132395050091757,-0.005407265407262973,-1.0,-1.0,0.0,-0.0,-0.007838400913532162,2.40313846843749,10.497480776716072
2025-01-02,415.51483154296875,-0.006927646782351582,-0.007838400913532162,-0.006356500549369826,-1.0,-1.0,0.0,0.0,-0.006927646782351582,2.40313846843749,10.424757937790458
2025-01-03,420.24993896484375,0.011395760301242897,-0.006927646782351582,-0.009616808473632176,1.0,-1.0,0.0,0.0,0.011395760301242897,2.40313846843749,10.543555980447998
2025-01-06,424.7169189453125,0.010629341176043416,0.011395760301242897,-0.006782282252032456,1.0,-1.0,0.0,-0.0,0.010629341176043416,2.40313846843749,10.655627034172893
2025-01-07,419.277099609375,-0.012808106042599077,0.010629341176043416,-0.0011960902455546262,-1.0,-1.0,0.0,0.0,-0.012808106042599077,2.40313846843749,10.519148633168822
2025-01-08,421.4510803222656,0.0051850690507926345,-0.012808106042599077,-0.0011098104522393015,1.0,-1.0,0.0,-0.0,0.0051850690507926345,2.40313846843749,10.573691145187354
2025-01-10,415.88214111328125,-0.013213726263854975,0.0051850690507926345,0.0014948835406256578,-1.0,1.0,1.0,-0.004200951801876518,-0.013213726263854975,2.393042999558349,10.4339732847963
2025-01-13,414.1350402832031,-0.004200951801876518,-0.013213726263854975,0.00023766764432497922,-1.0,1.0,1.0,-0.003643450730956066,-0.004200951801876518,2.3843240652923985,10.390140665924804
2025-01-14,412.62615966796875,-0.003643450730956066,-0.004200951801876518,-0.0028816747762989035,-1.0,-1.0,0.0,0.0,-0.003643450730956066,2.3843240652923985,10.352284700320803
2025-01-15,423.188232421875,0.02559719617002787,-0.003643450730956066,-0.0057362331576988005,1.0,-1.0,0.0,-0.0,0.02559719617002787,2.3843240652923985,10.617274162602893
2025-01-16,421.47088623046875,-0.004058114238144062,0.02559719617002787,0.001944827284826589,-1.0,1.0,1.0,0.010480959843044202,-0.004058114238144062,2.409314070073532,10.574188051153355
2025-01-17,425.8883056640625,0.010480959843044202,-0.004058114238144062,9.619062703924985e-05,1.0,1.0,1.0,-0.0012353545281189593,0.010480959843044202,2.406337713027406,10.68501569149029
2025-01-21,425.3621826171875,-0.0012353545281189593,0.010480959843044202,0.004835127848419085,-1.0,1.0,1.0,0.04130685390753008,-0.0012353545281189593,2.5057359533916093,10.671815908972786
2025-01-22,442.93255615234375,0.04130685390753008,-0.0012353545281189593,0.005428247303170597,1.0,1.0,1.0,0.0011430332091453277,0.04130685390753008,2.508600092799685,11.11263504965278
2025-01-23,443.4388427734375,0.0011430332091453277,0.04130685390753008,0.014418308230867826,1.0,1.0,1.0,-0.005932306736870729,0.0011430332091453277,2.493718307569055,11.125337160555645
2025-01-24,440.8082275390625,-0.005932306736870729,0.0011430332091453277,0.009527475638691319,-1.0,1.0,1.0,-0.021393475286346164,-0.005932306736870729,2.4403690065849672,11.059338247968123
2025-01-27,431.3778076171875,-0.021393475286346164,-0.005932306736870729,0.009152637138945985,-1.0,1.0,1.0,0.029086997824184335,-0.021393475286346164,2.5113520145697112,10.822740568476874
2025-01-28,443.92529296875,0.029086997824184335,-0.021393475286346164,0.0027777501130679116,1.0,1.0,1.0,-0.010890009338300533,0.029086997824184335,2.4840033676792874,11.137541599843873
2025-01-29,439.0909423828125,-0.010890009338300533,0.029086997824184335,0.00884222058352857,-1.0,1.0,1.0,-0.06180920497532272,-0.010890009338300533,2.3304690943670066,11.016253667815862
2025-01-30,411.9510803222656,-0.06180920497532272,-0.010890009338300533,-0.0015971520656375526,-1.0,-1.0,0.0,0.0,-0.06180920497532272,2.3304690943670066,10.33534778680168
2025-01-31,412.0205993652344,0.00016875557873130553,-0.06180920497532272,-0.014187599702531162,1.0,-1.0,0.0,-0.0,0.00016875557873130553,2.3304690943670066,10.337091934398831
2025-02-03,407.9109191894531,-0.009974453175673026,0.00016875557873130553,-0.012967387239410755,-1.0,-1.0,0.0,0.0,-0.009974453175673026,2.3304690943670066,10.233985094926544
2025-02-04,409.3503112792969,0.0035286922269792687,-0.009974453175673026,-0.010683582817276127,1.0,-1.0,0.0,0.0,0.0035286922269792687,2.3304690943670066,10.270097678582033
2025-02-05,410.2635803222656,0.0022310207609579358,0.0035286922269792687,-0.015795243936717142,1.0,-1.0,0.0,0.0,0.0022310207609579358,2.3304690943670066,10.293010479720015
2025-02-06,412.77508544921875,0.006121686758011391,0.0022310207609579358,-0.013171037916865446,1.0,-1.0,0.0,-0.0,0.006121686758011391,2.3304690943670066,10.35602106567379
2025-02-07,406.7494812011719,-0.014597790565506807,0.006121686758011391,0.000415140429801375,-1.0,1.0,1.0,0.006028120324117703,-0.014597790565506807,2.3445174424794883,10.204846039065108
2025-02-10,409.201416015625,0.006028120324117703,-0.014597790565506807,-0.0025381687990462475,1.0,-1.0,0.0,-0.0,0.006028120324117703,2.3445174424794883,10.26636207887769
2025-02-11,408.4271240234375,-0.0018922026216985355,0.006028120324117703,0.0006623459009118982,-1.0,1.0,1.0,-0.005833147779253922,-0.0018922026216985355,2.330841525766467,10.246936041636731
2025-02-12,406.0447082519531,-0.005833147779253922,-0.0018922026216985355,-0.0004218330688236627,-1.0,-1.0,0.0,0.0,-0.005833147779253922,2.330841525766467,10.187164149421301
2025-02-13,407.5337219238281,0.003667117540542053,-0.005833147779253922,-0.0020346667768660343,1.0,-1.0,0.0,-0.0,0.003667117540542053,2.330841525766467,10.224521677762025
2025-02-14,405.43914794921875,-0.0051396335123424786,0.003667117540542053,-0.002525580620359902,-1.0,-1.0,0.0,0.0,-0.0051396335123424786,2.330841525766467,10.171971383499328
2025-02-18,406.64031982421875,0.0029626440393724085,-0.0051396335123424786,-0.0006339492097270361,1.0,-1.0,0.0,0.0,0.0029626440393724085,2.330841525766467,10.202107313887318
2025-02-19,411.7326965332031,0.012523049143738918,0.0029626440393724085,-0.001247044466676095,1.0,-1.0,0.0,0.0,0.012523049143738918,2.330841525766467,10.329868805148827
2025-02-20,413.91107177734375,0.005290751165701879,0.012523049143738918,0.0016360058864113957,1.0,1.0,1.0,-0.019032609065903983,0.005290751165701879,2.2864795302119787,10.384521570571216
2025-02-21,406.03326416015625,-0.019032609065903983,0.005290751165701879,0.003860785675402556,-1.0,1.0,1.0,-0.010313269594400487,-0.019032609065903983,2.2628984503948244,10.186877031182087
2025-02-24,401.8457336425781,-0.010313269594400487,-0.019032609065903983,-0.0006791596458866512,-1.0,-1.0,0.0,-0.0,-0.010313269594400487,2.2628984503948244,10.0818170220345
2025-02-25,395.77825927734375,-0.015099014017730283,-0.010313269594400487,-0.0017138868622982527,-1.0,-1.0,0.0,0.0,-0.015099014017730283,2.2628984503948244,9.929591525494608
2025-02-26,397.5985412597656,0.004599247027225584,-0.015099014017730283,-0.005326218473718791,1.0,-1.0,0.0,-0.0,0.004599247027225584,2.2628984503948244,9.975260169799803
2025-02-27,390.4368591308594,-0.018012345081083292,0.004599247027225584,-0.006910978897021458,-1.0,-1.0,0.0,0.0,-0.018012345081083292,2.2628984503948244,9.795582341347783
2025-02-28,394.87310791015625,0.011362269405537972,-0.018012345081083292,-0.011571598146378492,1.0,-1.0,0.0,-0.0,0.011362269405537972,2.2628984503948244,9.906882386894308
2025-03-03,386.4184265136719,-0.021411134937069587,0.011362269405537972,-0.005492622452090101,-1.0,-1.0,0.0,0.0,-0.021411134937069587,2.2628984503948244,9.694764791302836
2025-03-04,386.53778076171875,0.00030887307606852765,-0.021411134937069587,-0.007712195520623921,1.0,-1.0,0.0,0.0,0.00030887307606852765,2.2628984503948244,9.697759243125686
2025-03-05,398.8816223144531,0.0319343726980823,0.00030887307606852765,-0.004630618101864159,1.0,-1.0,0.0,-0.0,0.0319343726980823,2.2628984503948244,10.007451101131934
2025-03-06,394.7736511230469,-0.010298722632470114,0.0319343726980823,0.0008364070323071849,-1.0,1.0,1.0,-0.00902006139019007,-0.010298722632470114,2.242486967452497,9.904387137983369
2025-03-07,391.2127685546875,-0.00902006139019007,-0.010298722632470114,0.0023791315220298205,-1.0,1.0,1.0,-0.03343422319229039,-0.00902006139019007,2.167511157676888,9.81504895796655
2025-03-10,378.13287353515625,-0.03343422319229039,-0.00902006139019007,-0.0016973346371157883,-1.0,-1.0,0.0,0.0,-0.03343422319229039,2.167511157676888,9.48689042046264
2025-03-11,378.42132568359375,0.0007628327728841366,-0.03343422319229039,-0.004101952288159949,1.0,-1.0,0.0,0.0,0.0007628327728841366,2.167511157676888,9.494127331388128
2025-03-12,381.2262878417969,0.007412272955643173,0.0007628327728841366,-0.004011160348796827,1.0,-1.0,0.0,-0.0,0.007412272955643173,2.167511157676888,9.564500394644009
2025-03-13,376.7502746582031,-0.011741092695714661,0.007412272955643173,-0.008915580297284653,-1.0,-1.0,0.0,0.0,-0.011741092695714661,2.167511157676888,9.452202708922295
2025-03-14,386.4880676269531,0.025846810536725773,-0.011741092695714661,-0.009204054309933563,1.0,-1.0,0.0,0.0,0.025846810536725773,2.167511157676888,9.696512001494536
2025-03-17,386.6273498535156,0.00036037911187714045,0.025846810536725773,-0.002230679924550394,1.0,-1.0,0.0,-0.0,0.00036037911187714045,2.167511157676888,9.70000642187794
2025-03-18,381.4749450683594,-0.013326539850603947,0.00036037911187714045,0.004528240536283113,-1.0,1.0,1.0,0.011211926620843915,-0.013326539850603947,2.191813133726622,9.57073889974567
2025-03-19,385.75201416015625,0.011211926620843915,-0.013326539850603947,0.0017103660115854956,1.0,1.0,1.0,-0.002526913475780157,0.011211926620843915,2.186274611582616,9.678045321996875
2025-03-20,384.7772521972656,-0.002526913475780157,0.011211926620843915,0.002470296744625644,-1.0,1.0,1.0,0.011425892031657447,-0.002526913475780157,2.211254749246113,9.65358973885351
2025-03-21,389.1736755371094,0.011425892031657447,-0.002526913475780157,0.004313132588612545,1.0,1.0,1.0,0.0046516577255040215,0.011425892031657447,2.221540749483501,9.763890612927566
2025-03-24,390.9839782714844,0.0046516577255040215,0.011425892031657447,0.0014289488875988798,1.0,1.0,1.0,0.005291465351021651,0.0046516577255040215,2.233295955385276,9.809308890128166
2025-03-25,393.0528564453125,0.005291465351021651,0.0046516577255040215,0.002287204610324256,1.0,1.0,1.0,-0.013133837843478435,0.005291465351021651,2.203964208450749,9.86121450823775
2025-03-26,387.89056396484375,-0.013133837843478435,0.005291465351021651,0.006010805650649376,-1.0,1.0,1.0,0.001564152436454025,-0.013133837843478435,2.207411544437255,9.731698915946797
2025-03-27,388.4972839355469,0.001564152436454025,-0.013133837843478435,0.0011416527577849055,1.0,1.0,1.0,-0.030160297350906418,0.001564152436454025,2.1408353558812037,9.746920776517012
2025-03-28,376.78009033203125,-0.030160297350906418,0.001564152436454025,0.001959865940231742,-1.0,1.0,1.0,-0.00900194632737017,-0.030160297350906418,2.121563670911825,9.45295074764153
2025-03-31,373.3883361816406,-0.00900194632737017,-0.030160297350906418,-0.006357371936281031,-1.0,-1.0,0.0,0.0,-0.00900194632737017,2.121563670911825,9.367855792375988
2025-04-01,380.1520080566406,0.018114309472456958,-0.00900194632737017,-0.00908809274685587,1.0,-1.0,0.0,-0.0,0.018114309472456958,2.121563670911825,9.537548031292435
2025-04-02,380.102294921875,-0.00013077172739339726,0.018114309472456958,-0.006523523922568808,-1.0,-1.0,0.0,-0.0,-0.00013077172739339726,2.121563670911825,9.536300789661285
2025-04-03,371.12042236328125,-0.023630145564998095,-0.00013077172739339726,-0.0039229106993518,-1.0,-1.0,0.0,-0.0,-0.023630145564998095,2.121563670911825,9.310956613849982
2025-04-04,357.9211730957031,-0.03556594698703397,-0.023630145564998095,-0.008961770299642225,-1.0,-1.0,0.0,-0.0,-0.03556594698703397,2.121563670911825,8.97980362452322
2025-04-07,355.9517517089844,-0.005502388611673847,-0.03556594698703397,-0.010042900226867735,-1.0,-1.0,0.0,-0.0,-0.005502388611673847,2.121563670911825,8.930393255324574
2025-04-08,352.66937255859375,-0.009221415921206622,-0.005502388611673847,-0.00934298868372847,-1.0,-1.0,0.0,0.0,-0.009221415921206622,2.121563670911825,8.848042384777289
2025-04-09,388.40777587890625,0.10133685003898307,-0.009221415921206622,-0.014810133762461186,1.0,-1.0,0.0,-0.0,0.10133685003898307,2.121563670911825,9.744675129062031
2025-04-10,379.3165283203125,-0.02340645096000371,0.10133685003898307,0.005483390590814108,-1.0,1.0,1.0,0.018618049206384546,-0.02340645096000371,2.161063047731339,9.516586868532473
2025-04-11,386.378662109375,0.018618049206384546,-0.02340645096000371,0.005528129511812985,1.0,1.0,1.0,-0.0016475979191296064,0.018618049206384546,2.157502484750789,9.693767151127643
2025-04-14,385.7420654296875,-0.0016475979191296064,0.018618049206384546,0.016364928750496686,-1.0,1.0,1.0,-0.0053634510643832956,-0.0016475979191296064,2.1459308257525427,9.677795720540919
2025-04-15,383.67315673828125,-0.0053634510643832956,-0.0016475979191296064,0.017135886889005535,-1.0,1.0,1.0,-0.036605997899174736,-0.0053634510643832956,2.0673768864532707,9.6258893367827
2025-04-16,369.62841796875,-0.036605997899174736,-0.0053634510643832956,0.017907479860370203,-1.0,1.0,1.0,-0.010306486534328307,-0.036605997899174736,2.0460694944116584,9.273524051942744
2025-04-17,365.81884765625,-0.010306486534328307,-0.036605997899174736,-0.009681089727261361,-1.0,-1.0,0.0,-0.0,-0.010306486534328307,2.0460694944116584,9.177946601175625
2025-04-21,357.205078125,-0.023546543832930422,-0.010306486534328307,-0.0070610968421262795,-1.0,-1.0,0.0,0.0,-0.023546543832930422,2.0460694944116584,8.96183767923475
2025-04-22,364.864013671875,0.021441284057543086,-0.023546543832930422,-0.015494015449989273,1.0,-1.0,0.0,0.0,0.021441284057543086,2.0460694944116584,9.153990986592815
2025-04-23,372.3936462402344,0.02063681888653135,0.021441284057543086,-0.010876239054654735,1.0,-1.0,0.0,0.0,0.02063681888653135,2.0460694944116584,9.342900240672071
2025-04-24,385.2347412109375,0.03448258341770738,0.02063681888653135,-0.005676185064471806,1.0,-1.0,0.0,0.0,0.03448258341770738,2.0460694944116584,9.665067577584363
2025-04-25,389.7605285644531,0.011748128788409362,0.03448258341770738,0.008541531198904617,1.0,1.0,1.0,-0.0017609282667979675,0.011748128788409362,2.042466512803116,9.778614036234504
2025-04-28,389.0741882324219,-0.0017609282667979675,0.011748128788409362,0.012952454263452151,-1.0,1.0,1.0,0.007362746303037682,-0.0017609282667979675,2.0575046755693354,9.76139459836799
2025-04-29,391.9388427734375,0.007362746303037682,-0.0017609282667979675,0.017309577376678643,1.0,1.0,1.0,0.0030961487970304624,0.007362746303037682,2.063875016195484,9.833265270359616
2025-04-30,393.15234375,0.0030961487970304624,0.007362746303037682,0.01449386982577756,1.0,1.0,1.0,0.07625359238228668,0.0030961487970304624,2.2212529004084396,9.863710522797321
2025-05-01,423.1316223144531,0.07625359238228668,0.0030961487970304624,0.010985735807877383,1.0,1.0,1.0,0.023225163299393836,0.07625359238228668,2.272841861749678,10.61585388437958
2025-05-02,432.95892333984375,0.023225163299393836,0.07625359238228668,0.019339937600793243,1.0,1.0,1.0,0.002044730749510837,0.023225163299393836,2.277489211393173,10.862408824406801
2025-05-05,433.8442077636719,0.002044730749510837,0.023225163299393836,0.02163534450299014,1.0,1.0,1.0,-0.006557163946754541,0.002044730749510837,2.262555341247103,10.884619525743823
2025-05-06,430.9994201660156,-0.006557163946754541,0.002044730749510837,0.0223964763062519,-1.0,1.0,1.0,9.240253603537418e-05,-0.006557163946754541,2.2627644070985546,10.813247291015475
2025-05-07,431.03924560546875,9.240253603537418e-05,-0.006557163946754541,0.019612494256293456,1.0,1.0,1.0,0.011122679830935178,9.240253603537418e-05,2.2879324111315475,10.814246462487942
2025-05-08,435.83355712890625,0.011122679830935178,9.240253603537418e-05,0.019011745004094437,1.0,1.0,1.0,0.0012779564795986076,0.011122679830935178,2.290856289181237,10.934529863503018
2025-05-09,436.3905334472656,0.0012779564795986076,0.011122679830935178,0.005985562493824137,1.0,1.0,1.0,0.02400115527343516,0.0012779564795986076,2.345839486687001,10.948503716793446
2025-05-12,446.8644104003906,0.02400115527343516,0.0012779564795986076,0.0015961211298650912,1.0,1.0,1.0,-0.00026709275849456926,0.02400115527343516,2.3452129299475164,11.211280454511988
2025-05-13,446.74505615234375,-0.00026709275849456926,0.02400115527343516,0.0059874060346499555,-1.0,1.0,1.0,0.00846058410505357,-0.00026709275849456926,2.3650548011855963,11.208286002689135
2025-05-14,450.5247802734375,0.00846058410505357,-0.00026709275849456926,0.00724542027230195,1.0,1.0,1.0,0.0022561444322606317,0.00846058410505357,2.3703907064072824,11.303114649088382
2025-05-15,451.5412292480469,0.0022561444322606317,0.00846058410505357,0.00891905658610559,1.0,1.0,1.0,0.0025157299864699834,0.0022561444322606317,2.376353969387041,11.328616108271126
2025-05-16,452.67718505859375,0.0025157299864699834,0.0022561444322606317,0.00714574950637068,1.0,1.0,1.0,0.010126117365720999,0.0025157299864699834,2.400417208583551,11.35711584751991
2025-05-19,457.26104736328125,0.010126117365720999,0.0025157299864699834,0.007393304207744955,1.0,1.0,1.0,-0.0015254082315715456,0.010126117365720999,2.3967555924143715,11.472119335527987
2025-05-20,456.56353759765625,-0.0015254082315715456,0.010126117365720999,0.004618296626202123,-1.0,1.0,1.0,-0.012222510830728561,-0.0015254082315715456,2.3674612212274777,11.454619670260001
2025-05-21,450.9831848144531,-0.012222510830728561,-0.0015254082315715456,0.004366633531586728,-1.0,1.0,1.0,0.005059948976225748,-0.012222510830728561,2.3794404542100818,11.314615457278371
2025-05-22,453.26513671875,0.005059948976225748,-0.012222510830728561,0.00023001454443030144,1.0,1.0,1.0,-0.010288911188026995,0.005059948976225748,2.3549586026995155,11.371866834177816
2025-05-23,448.6015319824219,-0.010288911188026995,0.005059948976225748,0.0007907754532233246,-1.0,1.0,1.0,0.02334627570830161,-0.010288911188026995,2.409938115519775,11.25486270627889
2025-05-27,459.07470703125,0.02334627570830161,-0.010288911188026995,-0.001770152781676071,1.0,-1.0,0.0,-0.0,0.02334627570830161,2.409938115519775,11.51762183407876
2025-05-28,455.75634765625,-0.007228364630365247,0.02334627570830161,0.0008738788868400515,-1.0,1.0,1.0,0.002886189466556832,-0.007228364630365247,2.416893653523842,11.434368263787382
2025-05-29,457.0717468261719,0.002886189466556832,-0.007228364630365247,-0.00026671239291868875,1.0,-1.0,0.0,0.0,0.002886189466556832,2.416893653523842,11.467370017027058
2025-05-30,458.7458190917969,0.0036626028129052024,0.002886189466556832,0.0027550276665383898,1.0,1.0,1.0,0.0034973629578618493,0.0036626028129052024,2.4253464078607676,11.509370438708046
2025-06-02,460.3502197265625,0.0034973629578618493,0.0036626028129052024,0.002475558433874281,1.0,1.0,1.0,0.0021645693175282865,0.0034973629578618493,2.4305962382796005,11.549622884548695
2025-06-03,461.3466796875,0.0021645693175282865,0.0034973629578618493,0.00523281326305205,1.0,1.0,1.0,0.0019439840480590664,0.0021645693175282865,2.4353212785940883,11.574622843873613
2025-06-04,462.2435302734375,0.0019439840480590664,0.0021645693175282865,0.0009964719848973846,1.0,1.0,1.0,0.008213486205267406,0.0019439840480590664,2.455323756321215,11.597123726044403
2025-06-05,466.0401611328125,0.008213486205267406,0.0019439840480590664,0.0028309417205822475,1.0,1.0,1.0,0.005773284149697799,0.008213486205267406,2.4694990380459605,11.692376541789049
2025-06-06,468.7307434082031,0.005773284149697799,0.008213486205267406,0.003896401068324362,1.0,1.0,1.0,0.005038423127929237,0.005773284149697799,2.4819414191136504,11.759879953950058
2025-06-09,471.0924072265625,0.005038423127929237,0.005773284149697799,0.0043185373356828816,1.0,1.0,1.0,-0.003870891008447619,0.005038423127929237,2.47233409439091,11.819131205091711
2025-06-10,469.26885986328125,-0.003870891008447619,0.005038423127929237,0.004626749369696359,-1.0,1.0,1.0,0.0036098714170682555,-0.003870891008447619,2.4812589025716947,11.773380636382258
2025-06-11,470.9628601074219,0.0036098714170682555,-0.003870891008447619,0.003419657304501178,1.0,1.0,1.0,0.01322416034564955,0.0036098714170682555,2.5140714681583733,11.8158810266238
2025-06-12,477.1909484863281,0.01322416034564955,0.0036098714170682555,0.003752834778303016,1.0,1.0,1.0,-0.008165077904118911,0.01322416034564955,2.4935438787643376,11.97213613194499
2025-06-13,473.2946472167969,-0.008165077904118911,0.01322416034564955,0.0047549696063794444,-1.0,1.0,1.0,0.00880080681316353,-0.008165077904118911,2.515489076721489,11.874382707748943
2025-06-16,477.46002197265625,0.00880080681316353,-0.008165077904118911,0.001967297195616102,1.0,1.0,1.0,-0.00229581711185578,0.00880080681316353,2.509713973854465,11.978886855985412
2025-06-17,476.3638610839844,-0.00229581711185578,0.00880080681316353,0.002719773932662961,-1.0,1.0,1.0,0.004602071906124383,-0.00229581711185578,2.5212638580259488,11.951385522560455
2025-06-18,478.5561218261719,0.004602071906124383,-0.00229581711185578,0.003034788711981329,1.0,1.0,1.0,-0.005913657689811558,0.004602071906124383,2.5063539666238897,12.006386658113092
2025-06-20,475.7261047363281,-0.005913657689811558,0.004602071906124383,0.0032332288097925545,-1.0,1.0,1.0,0.018014262095366718,-0.005913657689811558,2.5515040838824143,11.93538499732549
2025-06-23,484.29595947265625,0.018014262095366718,-0.005913657689811558,-0.0005943347972996671,1.0,-1.0,0.0,0.0,0.018014262095366718,2.5515040838824143,12.150392150876419
2025-06-24,488.3915100097656,0.00845671011083593,0.018014262095366718,0.0046415332025974585,1.0,1.0,1.0,0.004407254786778392,0.00845671011083593,2.5627492124695896,12.253144495029357
2025-06-25,490.5439758300781,0.004407254786778392,0.00845671011083593,0.004572713862131939,1.0,1.0,1.0,0.010522674767460494,0.004407254786778392,2.5897161889429725,12.307147224758163
2025-06-26,495.705810546875,0.010522674767460494,0.004407254786778392,0.005913328241858773,1.0,1.0,1.0,-0.00303546917348263,0.010522674767460494,2.5818551852833673,12.436651332319547
2025-06-27,494.20111083984375,-0.00303546917348263,0.010522674767460494,0.007097448814125995,-1.0,1.0,1.0,0.002964064057870308,-0.00303546917348263,2.589507969440692,12.39890026057894
2025-06-30,495.66595458984375,0.002964064057870308,-0.00303546917348263,0.00767308651739178,1.0,1.0,1.0,-0.010775901611022598,0.002964064057870308,2.5616036863410403,12.43565139519844
2025-07-01,490.32470703125,-0.010775901611022598,0.002964064057870308,0.004663046909892499,-1.0,1.0,1.0,-0.0019509602314314867,-0.010775901611022598,2.556606099420301,12.301646039294805
2025-07-02,489.36810302734375,-0.0019509602314314867,-0.010775901611022598,0.0008165245655207931,-1.0,1.0,1.0,0.015781247914797625,-0.0019509602314314867,2.5969525340957365,12.277646017090994
2025-07-03,497.0909423828125,0.015781247914797625,-0.0019509602314314867,-0.0004551184381211826,1.0,-1.0,0.0,-0.0,0.015781247914797625,2.5969525340957365,12.471402592696835
2025-07-07,495.974853515625,-0.0022452408041021554,0.015781247914797625,0.0005965961913462437,-1.0,1.0,1.0,-0.0022101138412601307,-0.0022452408041021554,2.5912129733550358,12.443401290711327
2025-07-08,494.8786926269531,-0.0022101138412601307,-0.0022452408041021554,0.0007546418652223386,-1.0,1.0,1.0,0.013873855040504202,-0.0022101138412601307,2.6271630865264375,12.41589995728637
2025-07-09,501.74456787109375,0.013873855040504202,-0.0022101138412601307,-0.0002801937146037492,1.0,-1.0,0.0,-0.0,0.013873855040504202,2.6271630865264375,12.588156353491165
2025-07-10,499.7216796875,-0.004031709186562593,0.013873855040504202,0.00464975761570161,-1.0,1.0,1.0,0.003669095590318916,-0.004031709186562593,2.6368023990222604,12.537404567878909
2025-07-11,501.5552062988281,0.003669095590318916,-0.004031709186562593,0.004233607824675389,1.0,1.0,1.0,-0.0005960464402684496,0.003669095590318916,2.635230742338632,12.583405503692958
2025-07-14,501.2562561035156,-0.0005960464402684496,0.003669095590318916,0.0018111773597796477,-1.0,1.0,1.0,0.005566397658714584,-0.0005960464402684496,2.649899484572958,12.575905209636028
2025-07-15,504.04644775390625,0.005566397658714584,-0.0005960464402684496,0.0021410162325463888,1.0,1.0,1.0,-0.00039535996344042257,0.005566397658714584,2.6488518204096168,12.645907698951163
2025-07-16,503.84716796875,-0.00039535996344042257,0.005566397658714584,0.003696318532541332,-1.0,1.0,1.0,0.012024847390052606,-0.00039535996344042257,2.6807038593089056,12.640908013345635
2025-07-17,509.9058532714844,0.012024847390052606,-0.00039535996344042257,0.0008424755317524068,1.0,1.0,1.0,-0.0032246278038339238,0.012024847390052606,2.672059587110333,12.79291300307781
2025-07-18,508.2615966796875,-0.0032246278038339238,0.012024847390052606,0.0040537868470754464,-1.0,1.0,1.0,1.969412147295735e-05,-0.0032246278038339238,2.6721122109764246,12.751660620116057
2025-07-21,508.2716064453125,1.969412147295735e-05,-0.0032246278038339238,0.002675042168244879,1.0,1.0,1.0,-0.009391088969804007,1.969412147295735e-05,2.6470181674658453,12.751911752869292
2025-07-22,503.4983825683594,-0.009391088969804007,1.969412147295735e-05,0.00279819028059316,-1.0,1.0,1.0,0.0011874315663082946,-0.009391088969804007,2.650161320394486,12.632157415063007
2025-07-23,504.09625244140625,0.0011874315663082946,-0.009391088969804007,-0.00019330704511055785,1.0,-1.0,0.0,0.0,0.0011874315663082946,2.650161320394486,12.647157237528228
2025-07-24,509.0887451171875,0.00990384802823252,0.0011874315663082946,0.0001232512608391856,1.0,1.0,1.0,0.005539503483432906,0.00990384802823252,2.66484189826047,12.772412760797868
2025-07-25,511.9088439941406,0.005539503483432906,0.00990384802823252,-0.00030094861152483163,1.0,-1.0,0.0,-0.0,0.005539503483432906,2.66484189826047,12.84316558577815
2025-07-28,510.7030334472656,-0.002355518098626219,0.005539503483432906,0.0014518776459285343,-1.0,1.0,1.0,0.0001366022502800046,-0.002355518098626219,2.6652059216604127,12.812913276797197
2025-07-29,510.7727966308594,0.0001366022502800046,-0.002355518098626219,0.000976835201908699,1.0,1.0,1.0,0.0013071037867413704,0.0001366022502800046,2.6686896224130607,12.81466354958345
2025-07-30,511.4404296875,0.0013071037867413704,0.0001366022502800046,0.002882373445925501,1.0,1.0,1.0,0.03947471430071703,0.0013071037867413704,2.7740353828151045,12.831413644834928
2025-07-31,531.62939453125,0.03947471430071703,0.0013071037867413704,0.0029063078900121164,1.0,1.0,1.0,-0.017600826431858896,0.03947471430071703,2.7252100675263407,13.33793003253911
2025-08-01,522.2722778320312,-0.017600826431858896,0.03947471430071703,0.008820481144509017,-1.0,1.0,1.0,0.021999299045952325,-0.017600826431858896,2.7851627787648927,13.10317144107611
2025-08-04,533.7619018554688,0.021999299045952325,-0.017600826431858896,0.004192415161450658,1.0,1.0,1.0,-0.014730099123457463,0.021999299045952325,2.7441370549587214,13.391432028058725
2025-08-05,525.8995361328125,-0.014730099123457463,0.021999299045952325,0.009063378590366367,-1.0,1.0,1.0,-0.0053244197244816105,-0.014730099123457463,2.729526117496618,13.194174906880377
2025-08-06,523.0994262695312,-0.0053244197244816105,-0.014730099123457463,0.006090038315618873,-1.0,1.0,1.0,-0.007810431667561457,-0.0053244197244816105,2.7082073402710862,13.123923581757923
2025-08-07,519.0137939453125,-0.007810431667561457,-0.0053244197244816105,0.004763733613374277,-1.0,1.0,1.0,0.002303986512882439,-0.007810431667561457,2.71444701345716,13.021420073412305
2025-08-08,520.2095947265625,0.002303986512882439,-0.007810431667561457,-0.00469329558028142,1.0,-1.0,0.0,-0.0,0.002303986512882439,2.71444701345716,13.051421249640024
2025-08-11,519.9405517578125,-0.0005171818656889426,0.002303986512882439,-0.0007123329913331534,-1.0,-1.0,0.0,0.0,-0.0005171818656889426,2.71444701345716,13.044671291248243
2025-08-12,527.3843383789062,0.014316610997022305,-0.0005171818656889426,-0.005215629173661407,1.0,-1.0,0.0,-0.0,0.014316610997022305,2.71444701345716,13.231426775709068
2025-08-13,518.7546997070312,-0.016363092424020564,0.014316610997022305,0.0005937128504345468,-1.0,1.0,1.0,0.003649722205782968,-0.016363092424020564,2.724353990998596,13.014919716476479
2025-08-14,520.6480102539062,0.003649722205782968,-0.016363092424020564,-0.001614021689473244,1.0,-1.0,0.0,-0.0,0.003649722205782968,2.724353990998596,13.062420557972185
2025-08-15,518.3461303710938,-0.004421182521546441,0.003649722205782968,0.000678009085195641,-1.0,1.0,1.0,-0.0059019735220721126,-0.004421182521546441,2.7082749258789707,13.004669212512189
2025-08-18,515.286865234375,-0.0059019735220721126,-0.004421182521546441,-0.0006670247216901348,-1.0,-1.0,0.0,-0.0,-0.0059019735220721126,2.7082749258789707,12.927915999156635
2025-08-19,507.98260498046875,-0.014175133788019156,-0.0059019735220721126,-0.0017439830529667687,-1.0,-1.0,0.0,-0.0,-0.014175133788019156,2.7082749258789707,12.744661060268317
2025-08-20,503.9468078613281,-0.007944754563585454,-0.014175133788019156,-0.007442332009975061,-1.0,-1.0,0.0,-0.0,-0.007944754563585454,2.7082749258789707,12.6434078561484
2025-08-21,503.2980041503906,-0.0012874448271453787,-0.007944754563585454,-0.005758664437888039,-1.0,-1.0,0.0,0.0,-0.0012874448271453787,2.7082749258789707,12.627130166106513
2025-08-22,506.2824401855469,0.005929759328559658,-0.0012874448271453787,-0.006746097844473708,1.0,-1.0,0.0,-0.0,0.005929759328559658,2.7082749258789707,12.70200600900192
2025-08-25,503.3179931640625,-0.005855322614779834,0.005929759328559658,-0.004675909474452488,-1.0,-1.0,0.0,-0.0,-0.005855322614779834,2.7082749258789707,12.627631665964342
2025-08-26,501.1021423339844,-0.004402486817823403,-0.005855322614779834,-0.004666579292994033,-1.0,-1.0,0.0,0.0,-0.004402486817823403,2.7082749258789707,12.572038684014604
2025-08-27,505.7933349609375,0.00936174929347322,-0.004402486817823403,-0.0027120498989548826,1.0,-1.0,0.0,0.0,0.00936174929347322,2.7082749258789707,12.689734958282196
2025-08-28,508.68792724609375,0.005722875500879798,0.00936174929347322,0.0007492508724568526,1.0,1.0,1.0,-0.005788398677616269,0.005722875500879798,2.6925983508793916,12.762356731587607
2025-08-29,505.7434387207031,-0.005788398677616269,0.005722875500879798,0.002151314938061888,-1.0,1.0,1.0,-0.0030985624661443723,-0.005788398677616269,2.6842551666929544,12.688483122759218
2025-09-02,504.1763610839844,-0.0030985624661443723,-0.005788398677616269,-0.00019231666317329755,-1.0,-1.0,0.0,0.0,-0.0030985624661443723,2.6842551666929544,12.649167065202729
2025-09-03,504.40594482421875,0.00045536395189338386,-0.0030985624661443723,0.00035903536655379487,1.0,1.0,1.0,0.0051845390236209266,0.00045536395189338386,2.6981717923540303,12.654927039905699
2025-09-04,507.02105712890625,0.0051845390236209266,0.00045536395189338386,0.0013306055204971522,1.0,1.0,1.0,-0.02553300317935414,0.0051845390236209266,2.629279363401411,12.720537002985166
2025-09-05,494.0752868652344,-0.02553300317935414,0.0051845390236209266,0.0004951634665266935,-1.0,1.0,1.0,0.006464664083856375,-0.02553300317935414,2.646276771268417,12.395743491244854
2025-09-08,497.2693176269531,0.006464664083856375,-0.02553300317935414,-0.005756012269520094,1.0,-1.0,0.0,0.0,0.006464664083856375,2.646276771268417,12.475877808985402
2025-09-09,497.4789123535156,0.0004214913712405899,0.006464664083856375,-0.0033053997172255655,1.0,-1.0,0.0,0.0,0.0004214913712405899,2.646276771268417,12.48113628383054
2025-09-10,499.43524169921875,0.003932486980097183,0.0004214913712405899,-0.0026013889497485732,1.0,-1.0,0.0,0.0,0.003932486980097183,2.646276771268417,12.530218189763524
2025-09-11,500.0740661621094,0.001279093683331567,0.003932486980097183,-0.0019059643441078134,1.0,-1.0,0.0,0.0,0.001279093683331567,2.646276771268417,12.546245512700816
2025-09-12,508.94744873046875,0.01774413665651453,0.001279093683331567,-0.0026870534121656853,1.0,-1.0,0.0,0.0,0.01774413665651453,2.646276771268417,12.768867807604362
2025-09-15,514.397216796875,0.010707919019930845,0.01774413665651453,0.005968374555008049,1.0,1.0,1.0,-0.012263220518934581,0.010707919019930845,2.613824895668218,12.905595810064392
2025-09-16,508.08905029296875,-0.012263220518934581,0.010707919019930845,0.006817025542222943,-1.0,1.0,1.0,0.0019251535011401977,-0.012263220518934581,2.618856909817481,12.747331642717334
2025-09-17,509.06719970703125,0.0019251535011401977,-0.012263220518934581,0.0042800831641879086,1.0,1.0,1.0,-0.003078271631019369,0.0019251535011401977,2.6107953568862907,12.771872212859506
2025-09-18,507.5001525878906,-0.003078271631019369,0.0019251535011401977,0.0038786164683965118,-1.0,1.0,1.0,0.018644821499281594,-0.003078271631019369,2.6594731702865886,12.732556920951657
2025-09-19,516.96240234375,0.018644821499281594,-0.003078271631019369,0.0030071434055263246,1.0,1.0,1.0,-0.00671896000808514,0.018644821499281594,2.6416042764128576,12.969953171972243
2025-09-22,513.4889526367188,-0.00671896000808514,0.018644821499281594,0.0031872803740797375,-1.0,1.0,1.0,-0.010146733574206479,-0.00671896000808514,2.6148006216116118,12.882808575303024
2025-09-23,508.2787170410156,-0.010146733574206479,-0.00671896000808514,-0.0002980954315234596,-1.0,-1.0,0.0,0.0,-0.010146733574206479,2.6148006216116118,12.752090149001921
2025-09-24,509.19696044921875,0.00180657457693445,-0.010146733574206479,0.00012520195742216078,1.0,1.0,1.0,-0.006115838274090013,0.00180657457693445,2.598808923890845,12.775127750867885
2025-09-25,506.0827941894531,-0.006115838274090013,0.00180657457693445,0.00010148617258101122,-1.0,1.0,1.0,0.008737152226625744,-0.006115838274090013,2.621515113066793,12.696997135612737
2025-09-26,510.5045166015625,0.008737152226625744,-0.006115838274090013,-0.0005060271560331176,1.0,-1.0,0.0,0.0,0.008737152226625744,2.621515113066793,12.807932732407616
2025-09-29,513.6386108398438,0.006139209617859853,0.008737152226625744,-0.0024875610105642874,1.0,-1.0,0.0,0.0,0.006139209617859853,2.621515113066793,12.886563316223315
2025-09-30,516.982421875,0.006510046099705846,0.006139209617859853,8.4072914624711e-05,1.0,1.0,1.0,0.0033980146961596347,0.006510046099705846,2.6304230599471983,12.970455437478707
2025-10-01,518.7391357421875,0.0033980146961596347,0.006510046099705846,0.003415428849407176,1.0,1.0,1.0,-0.007638878920421699,0.0033980146961596347,2.6103295766827763,13.014529235671143
2025-10-02,514.7765502929688,-0.007638878920421699,0.0033980146961596347,0.003733716873252213,-1.0,1.0,1.0,0.003121613820278757,-0.007638878920421699,2.6184780175648315,12.915112822633562
2025-10-03,516.3834838867188,0.003121613820278757,-0.007638878920421699,0.0034291087439858757,1.0,1.0,1.0,0.02168755785021248,0.003121613820278757,2.6752664110502784,12.955428817311153
2025-10-06,527.5825805664062,0.02168755785021248,0.003121613820278757,0.0023060010627164785,1.0,1.0,1.0,-0.008683914333705078,0.02168755785021248,2.6520346267168793,13.236400429260899
2025-10-07,523.0010986328125,-0.008683914333705078,0.02168755785021248,0.005415670709187003,-1.0,1.0,1.0,0.0016604328468814433,-0.008683914333705078,2.656438152122147,13.12145666184658
2025-10-08,523.8695068359375,0.0016604328468814433,-0.008683914333705078,0.0023768786225048188,1.0,1.0,1.0,-0.004667905849160436,0.0016604328468814433,2.644038148933923,13.14324395948684
2025-10-09,521.4241333007812,-0.004667905849160436,0.0016604328468814433,0.0020293622526491805,-1.0,1.0,1.0,-0.021899006825811917,-0.004667905849160436,2.586136339462712,13.08189253413141
2025-10-10,510.0054626464844,-0.021899006825811917,-0.004667905849160436,0.002623556866901433,-1.0,1.0,1.0,0.006047382281049618,-0.021899006825811917,2.6017756945383574,12.795412080231927
2025-10-13,513.0896606445312,0.006047382281049618,-0.021899006825811917,-0.002380567262316702,1.0,-1.0,0.0,-0.0,0.006047382281049618,2.6017756945383574,12.87279082852465
2025-10-14,512.610595703125,-0.0009336866012938927,0.006047382281049618,-0.0055086023761492745,-1.0,-1.0,0.0,-0.0,-0.0009336866012938927,2.6017756945383574,12.860771676206797
2025-10-15,512.4708251953125,-0.00027266410211590486,-0.0009336866012938927,-0.003958556829667037,-1.0,-1.0,0.0,-0.0,-0.00027266410211590486,2.6017756945383574,12.857265005445186
2025-10-16,510.65423583984375,-0.003544766386996634,-0.00027266410211590486,-0.004345176219466507,-1.0,-1.0,0.0,0.0,-0.003544766386996634,2.6017756945383574,12.811689004625176
2025-10-17,512.62060546875,0.0038506870028647278,-0.003544766386996634,-0.004120548327033746,1.0,-1.0,0.0,0.0,0.0038506870028647278,2.6017756945383574,12.861022808960032
2025-10-20,515.8245239257812,0.006250077392229603,0.0038506870028647278,0.001029390438701583,1.0,1.0,1.0,0.0016835341532732695,0.006250077392229603,2.606155872779269,12.941405196859263
2025-10-21,516.6929321289062,0.0016835341532732695,0.006250077392229603,0.0010699294609375798,1.0,1.0,1.0,0.005563524504231809,0.0016835341532732695,2.6206552848393243,12.963192494499523
2025-10-22,519.5675659179688,0.005563524504231809,0.0016835341532732695,0.0015933736118510123,1.0,1.0,1.0,3.8413668217440744e-05,0.005563524504231809,2.6207559538219485,13.035313533595746
2025-10-23,519.5875244140625,3.8413668217440744e-05,0.005563524504231809,0.002760611333120555,1.0,1.0,1.0,0.005859092800333476,3.8413668217440744e-05,2.636111206162418,13.035814267804936
2025-10-24,522.6318359375,0.005859092800333476,3.8413668217440744e-05,0.00347724734416337,1.0,1.0,1.0,0.015106740785724382,0.005859092800333476,2.675934254836257,13.112192313327917
2025-10-27,530.527099609375,0.015106740785724382,0.005859092800333476,0.0038789285036571197,1.0,1.0,1.0,0.019848700368470196,0.015106740785724382,2.7290480720662273,13.31027480373793
2025-10-28,541.057373046875,0.019848700368470196,0.015106740785724382,0.005650261182356076,1.0,1.0,1.0,-0.0009593122552365996,0.019848700368470196,2.7264300628055644,13.574466460139321
2025-10-29,540.538330078125,-0.0009593122552365996,0.019848700368470196,0.009283294425395461,-1.0,1.0,1.0,-0.029157040620222285,-0.0009593122552365996,2.6469354307161472,13.561444308105811
2025-10-30,524.77783203125,-0.029157040620222285,-0.0009593122552365996,0.007978727073501779,-1.0,1.0,1.0,-0.015121028709135675,-0.029157040620222285,2.60691104407706,13.166032725545488
2025-10-31,516.8426513671875,-0.015121028709135675,-0.029157040620222285,0.0021396362158138337,-1.0,1.0,1.0,-0.0015062677507543532,-0.015121028709135675,2.6029843380422815,12.966948766717096
2025-11-03,516.0641479492188,-0.0015062677507543532,-0.015121028709135675,-0.0020563880860799966,-1.0,-1.0,0.0,-0.0,-0.0015062677507543532,2.6029843380422815,12.947417069964105
2025-11-04,513.3692016601562,-0.005222114924611443,-0.0015062677507543532,-0.005378989793375743,-1.0,-1.0,0.0,-0.0,-0.005222114924611443,2.6029843380422815,12.879804170047876
2025-11-05,506.2125549316406,-0.013940545528193238,-0.005222114924611443,-0.010393152851992072,-1.0,-1.0,0.0,-0.0,-0.013940545528193238,2.6029843380422815,12.70025267362111
2025-11-06,496.1713562011719,-0.019835933804179806,-0.013940545528193238,-0.012989399506583399,-1.0,-1.0,0.0,-0.0,-0.019835933804179806,2.6029843380422815,12.448331302290804
2025-11-07,495.8918762207031,-0.0005632731050992934,-0.019835933804179806,-0.011125178143374903,-1.0,-1.0,0.0,0.0,-0.0005632731050992934,2.6029843380422815,12.441319492064858
2025-11-10,505.0547180175781,0.018477499302281375,-0.0005632731050992934,-0.008213627022567626,1.0,-1.0,0.0,0.0,0.018477499302281375,2.6029843380422815,12.671203964298947
2025-11-11,507.7297058105469,0.005296431648967648,0.018477499302281375,-0.004216873611960481,1.0,-1.0,0.0,0.0,0.005296431648967648,2.6029843380422815,12.738316130005984
2025-11-12,510.1851501464844,0.004836125024470617,0.005296431648967648,-0.0021131642972446628,1.0,-1.0,0.0,-0.0,0.004836125024470617,2.6029843380422815,12.799920219411923
2025-11-13,502.34979248046875,-0.015357870890138514,0.004836125024470617,0.001642169813288108,-1.0,1.0,1.0,0.013689874696540372,-0.015357870890138514,2.6386188674671374,12.603340697278123
2025-11-14,509.2268981933594,0.013689874696540372,-0.015357870890138514,0.0025377823960963664,1.0,1.0,1.0,-0.005272633968357532,0.013689874696540372,2.624706395996981,12.775878852181668
2025-11-17,506.54193115234375,-0.005272633968357532,0.013689874696540372,0.005388411956424299,-1.0,1.0,1.0,-0.026995548838964045,-0.005272633968357532,2.5538510062959032,12.708516319370034
2025-11-18,492.8675537109375,-0.026995548838964045,-0.005272633968357532,0.000638385302296518,-1.0,1.0,1.0,-0.013507811998847874,-0.026995548838964045,2.5193540670297896,12.365442946399709
2025-11-19,486.2099914550781,-0.013507811998847874,-0.026995548838964045,-0.005820010795289821,-1.0,-1.0,0.0,-0.0,-0.013507811998847874,2.5193540670297896,12.198412867797261
2025-11-20,478.42999267578125,-0.016001314074220674,-0.013507811998847874,-0.009488798199953519,-1.0,-1.0,0.0,-0.0,-0.016001314074220674,2.5193540670297896,12.003222232292622
2025-11-21,472.1199951171875,-0.013188967362399162,-0.016001314074220674,-0.00961748683676995,-1.0,-1.0,0.0,0.0,-0.013188967362399162,2.5193540670297896,11.84491212602729
2025-11-24,474.0,0.003982048848293118,-0.013188967362399162,-0.014993255248557857,1.0,-1.0,0.0,0.0,0.003982048848293118,2.5193540670297896,11.89207914471687
2025-11-25,476.989990234375,0.006307996275052741,0.003982048848293118,-0.013142318685227727,1.0,-1.0,0.0,0.0,0.006307996275052741,2.5193540670297896,11.967094335664378
2025-11-26,485.5,0.01784106572434263,0.006307996275052741,-0.00648160966242437,1.0,-1.0,0.0,0.0,0.01784106572434263,2.5193540670297896,12.180600052236374
2025-11-28,492.010009765625,0.013408876963182381,0.01784106572434263,-0.00021183411778626925,1.0,-1.0,0.0,-0.0,0.013408876963182381,2.5193540670297896,12.343928219674543
2025-12-01,486.739990234375,-0.010711203891482723,0.013408876963182381,0.005670204089694342,-1.0,1.0,1.0,0.00669764110414528,-0.010711203891482723,2.536227796385024,12.211709887691782
2025-12-02,490.0,0.00669764110414528,-0.010711203891482723,0.006165756783877629,1.0,1.0,1.0,-0.025040793905452774,0.00669764110414528,2.472718638838466,12.293499537787484
2025-12-03,477.7300109863281,-0.025040793905452774,0.00669764110414528,0.006708875235048062,-1.0,1.0,1.0,0.006509922508618482,-0.025040793905452774,2.4888158455629212,11.985660549484969
2025-12-04,480.8399963378906,0.006509922508618482,-0.025040793905452774,0.0004391171989469589,1.0,1.0,1.0,-0.001008049864925864,0.006509922508618482,2.486306995085976,12.06368627087672
